539 130 715
543 614 605
174 233 408
203 593 279
544 537 126
99 100 203
309 522 638
33 311 205
541 630 799
519 511 643
153 333 334
230 301 320
21 441 20
178 603 588
292 259 168
150 271 200
123 315 251
95 151 184
95 96 151
155 141 531
164 202 150
242 211 75
149 201 200
186 239 238
90 149 89
91 92 164
411 549 578
283 282 420
149 213 214
214 89 149
343 12 332
429 434 27
93 165 202
499 22 23
219 218 283
86 215 407
69 404 68
408 39 40
148 308 219
189 213 661
327 16 323
420 282 83
154 544 642
201 91 164
210 247 125
211 74 75
82 83 282
194 222 138
636 82 147
185 96 97
134 321 26
333 332 334
176 365 181
3 182 186
196 58 59
404 403 68
8 9 352
6 7 181
266 288 265
365 6 181
355 136 349
355 349 351
202 92 93
10 343 810
10 11 343
97 98 166
153 334 15
171 481 384
133 270 435
449 480 360
259 316 168
18 326 17
150 514 271
186 2 3
179 207 43
60 159 59
255 205 312
17 323 16
195 56 57
636 81 82
192 138 310
193 53 191
54 191 53
133 435 119
112 563 521
125 288 266
323 326 322
346 376 366
238 239 414
87 214 215
21 437 441
80 636 304
499 437 22
165 93 94
274 129 152
444 324 18
321 24 25
18 19 444
307 316 259
321 134 270
993 52 53
194 158 139
395 197 223
64 65 390
85 407 420
271 674 200
162 396 63
61 62 396
222 293 138
314 315 255
63 390 394
505 290 266
405 227 404
71 163 70
422 430 428
221 220 139
437 499 119
391 390 393
525 109 1033
393 67 403
429 28 1038
163 405 70
519 1067 516
159 223 196
332 341 343
212 72 73
192 55 157
55 56 157
499 24 321
758 760 749
975 984 809
192 191 54
915 914 882
245 79 304
57 58 158
203 166 98
194 157 195
204 306 543
203 98 99
344 451 459
994 973 993
88 214 87
311 33 34
735 732 733
183 48 49
640 530 111
159 196 59
133 499 321
878 881 913
293 310 138
71 250 163
326 18 324
211 187 210
244 146 634
129 151 185
505 167 290
283 154 147
144 73 74
125 188 144
274 272 273
73 144 212
199 399 124
493 253 490
329 325 345
297 311 35
32 205 296
392 574 643
128 213 149
30 320 1038
184 273 303
378 548 278
80 81 636
187 243 249
230 123 301
483 596 549
168 313 292
423 256 378
514 674 271
252 226 113
41 42 174
261 410 234
733 734 735
173 174 207
144 210 125
48 236 47
222 194 220
325 329 327
44 179 43
289 400 508
431 123 251
36 37 160
36 160 260
408 225 39
693 229 293
224 38 225
433 422 432
43 207 42
349 120 351
429 27 28
314 135 822
183 236 48
12 13 332
270 118 435
448 445 447
61 395 60
243 77 245
63 396 62
195 158 194
224 37 38
296 230 320
161 252 198
313 168 299
390 63 64
162 143 397
250 72 212
163 145 227
200 164 150
90 201 149
184 94 95
129 184 151
147 642 636
97 166 185
315 123 230
33 205 32
260 297 35
160 198 313
176 339 365
1 598 370
861 837 854
232 233 206
351 357 350
3 4 182
578 596 381
381 628 578
285 236 284
465 173 261
206 174 173
41 174 408
914 921 923
173 207 261
8 352 356
361 176 359
577 483 414
238 1 2
550 562 369
219 546 218
45 410 44
46 263 45
924 925 922
284 236 183
356 7 8
339 176 361
348 5 365
209 239 186
925 49 50
180 284 183
184 129 273
94 184 165
185 151 96
486 557 470
240 209 182
186 182 209
245 77 78
243 146 244
290 125 266
163 188 145
126 217 513
215 86 87
268 190 310
53 193 993
54 55 192
193 191 190
138 192 157
190 191 192
984 989 809
268 974 190
220 194 139
157 194 138
56 195 157
57 158 195
139 158 196
58 196 158
508 505 421
196 223 139
224 198 160
232 161 233
400 167 505
403 199 124
272 115 520
149 200 128
91 201 90
200 201 164
202 164 92
303 202 165
591 237 411
582 535 115
600 599 423
592 562 488
693 294 425
297 316 312
468 173 465
206 141 232
207 174 42
261 207 179
836 464 467
835 532 466
551 171 554
411 0 370
211 210 144
248 249 244
74 211 144
75 76 242
144 188 212
250 188 163
148 219 283
214 213 189
189 215 214
214 88 89
189 216 215
215 216 407
675 682 128
407 216 148
421 266 112
218 154 283
277 137 1042
658 586 654
264 635 401
546 219 228
139 223 221
220 122 222
142 124 568
220 221 750
122 319 294
229 257 293
395 223 159
221 223 197
37 224 160
225 38 39
161 198 225
224 225 198
255 316 307
204 279 593
227 145 399
227 199 404
189 661 665
665 216 189
302 314 307
838 814 825
257 974 268
114 121 226
1038 433 429
35 36 260
155 232 141
252 232 226
161 225 408
174 206 233
45 235 410
466 465 234
47 236 263
235 285 417
412 262 284
285 263 236
553 339 361
590 550 256
186 238 2
239 209 577
209 559 577
483 577 479
348 552 182
171 361 480
569 388 567
470 628 305
77 242 76
187 211 242
187 242 243
77 243 242
244 126 248
243 244 249
79 245 78
146 243 245
216 308 148
769 1068 105
187 247 210
265 247 246
575 392 511
249 246 247
246 249 248
247 187 249
72 250 71
188 250 212
593 590 204
811 834 815
232 252 161
118 493 492
820 295 833
135 819 822
31 296 320
113 198 252
269 114 155
532 835 846
1000 257 529
829 840 826
205 255 230
117 492 491
82 282 147
282 283 147
307 140 302
232 155 226
254 259 292
160 313 299
410 261 179
465 261 234
845 850 849
285 235 263
45 263 235
47 263 46
558 551 554
482 267 416
265 246 575
265 112 266
521 653 508
188 290 145
314 251 315
230 255 315
991 489 990
230 296 205
468 467 141
1044 613 602
422 301 123
321 270 133
514 150 272
514 520 377
303 150 202
579 520 581
274 273 129
303 272 150
534 185 166
272 274 115
1042 601 277
556 416 267
534 152 185
612 614 545
276 534 204
598 414 549
566 479 577
538 794 280
1043 599 601
1022 1060 130
204 534 279
634 642 544
612 545 599
611 606 613
392 575 246
320 301 1038
311 34 35
228 219 308
412 284 180
285 284 262
262 286 285
234 417 208
262 963 850
417 286 208
281 700 1053
246 513 392
125 247 288
265 288 247
521 508 421
503 573 650
125 290 188
421 505 266
827 114 269
293 222 294
311 312 205
715 130 716
425 319 527
190 192 310
425 294 319
260 160 299
168 297 299
198 113 313
121 292 113
168 316 297
113 226 121
297 312 311
121 832 292
31 320 30
817 834 827
260 299 297
576 523 309
643 576 668
259 254 140
313 113 292
307 259 140
493 270 134
184 303 165
272 303 273
608 613 606
166 279 534
1055 1052 790
1055 1058 471
580 115 535
691 690 106
302 814 135
316 255 312
633 635 631
574 217 576
1070 763 517
167 145 290
310 293 268
257 268 293
915 901 951
155 114 226
532 467 465
992 973 983
527 525 617
32 296 31
490 620 492
817 839 815
26 27 434
119 132 437
314 302 135
26 321 25
100 0 592
654 657 656
399 504 524
83 84 420
294 222 122
693 293 294
314 255 307
439 443 117
453 457 501
325 323 322
327 15 16
444 20 441
445 438 447
330 325 322
325 330 345
326 323 17
440 446 461
15 327 153
323 325 327
443 119 435
450 336 459
329 335 333
327 329 153
437 21 22
342 367 120
347 338 373
342 349 341
13 14 334
341 332 331
329 333 153
331 332 333
13 334 332
334 14 15
338 367 342
331 333 335
342 331 338
684 662 689
340 344 459
329 345 344
376 374 375
4 348 182
387 449 360
116 336 450
335 344 340
552 348 363
342 341 331
343 341 136
331 335 338
349 342 120
343 136 810
343 11 12
344 335 329
328 345 330
237 562 592
347 346 367
346 347 376
450 459 451
363 365 339
120 354 351
340 338 335
366 354 346
120 346 354
341 349 136
358 359 176
181 356 176
367 346 120
351 350 355
9 10 810
352 358 356
366 353 354
357 360 350
338 347 367
354 353 357
358 355 350
355 352 810
356 181 7
352 355 358
354 357 351
350 360 359
359 358 350
176 356 358
360 357 353
550 369 548
379 353 366
387 385 449
337 372 380
553 361 171
337 627 388
280 1058 1055
348 4 5
0 411 237
387 353 379
1039 385 387
348 365 363
6 365 5
345 328 451
116 450 452
546 635 218
379 1039 387
555 560 556
469 564 538
386 479 469
556 554 555
480 449 481
281 1046 1054
171 384 372
108 379 366
382 632 629
340 373 338
460 373 459
374 131 375
347 373 374
131 108 375
108 366 462
374 376 347
376 375 462
415 562 237
423 306 256
368 1040 484
413 540 484
481 383 384
765 763 1070
514 377 674
637 111 530
567 388 627
383 372 384
0 1 370
372 383 380
480 359 360
628 381 541
383 385 484
541 381 386
385 383 481
598 1 238
513 217 574
1039 379 1041
556 267 558
413 484 1040
368 362 1040
475 578 628
403 124 142
394 389 637
65 66 393
394 390 389
389 390 391
390 65 393
524 507 645
142 568 391
67 393 66
142 391 393
111 389 391
63 394 162
395 159 60
397 395 162
162 395 396
61 396 395
734 397 143
395 397 197
199 227 399
401 639 638
504 145 167
633 639 401
508 400 505
764 765 463
503 518 573
399 524 124
523 510 264
639 258 644
393 403 142
68 403 67
70 405 69
199 403 404
227 405 163
69 405 404
218 406 154
185 152 129
407 148 420
86 407 85
41 408 40
161 408 233
854 855 533
155 531 269
410 179 44
417 410 235
483 386 596
416 792 482
889 877 880
1001 1017 1010
379 108 1041
591 411 578
558 240 551
415 172 369
480 481 171
552 553 551
699 1077 542
559 566 577
417 234 410
286 417 285
502 653 506
502 506 762
669 579 581
586 587 585
420 84 85
283 420 148
112 571 563
515 400 289
430 431 426
499 23 24
423 545 306
613 608 609
735 736 753
1034 991 990
319 754 527
1033 617 525
231 818 823
28 29 1038
432 422 428
823 819 824
140 830 814
432 490 253
434 429 253
422 123 431
818 821 816
431 251 822
422 431 430
490 432 428
432 253 433
433 301 422
253 429 433
493 434 253
26 434 134
118 492 117
117 435 118
457 442 501
442 438 501
436 496 448
119 443 440
326 324 456
441 437 132
132 458 444
132 119 440
453 1079 1080
452 1080 1079
117 436 439
439 446 440
438 454 501
117 443 435
440 443 439
20 444 19
132 444 441
439 448 446
447 446 448
446 442 461
448 439 436
446 447 442
454 116 1079
436 495 496
567 627 472
359 480 361
373 460 374
452 450 451
345 451 344
452 451 328
322 455 330
460 459 336
438 442 447
1079 116 452
1080 330 455
453 501 454
456 322 326
322 456 455
324 458 456
458 132 461
455 456 457
456 458 457
444 458 324
132 440 461
459 373 340
336 131 460
374 460 131
442 457 461
458 461 457
376 462 366
375 108 462
762 764 502
504 399 145
466 532 465
812 830 811
466 234 208
842 464 836
842 837 464
858 847 1084
531 467 464
468 141 206
173 468 206
465 467 468
629 413 364
276 582 534
628 541 305
386 483 479
629 627 380
704 708 710
801 597 729
126 537 217
550 378 256
472 382 287
715 470 539
631 546 228
380 383 540
381 596 386
267 566 559
548 378 550
541 799 473
727 783 707
423 378 278
698 1065 1048
240 552 551
280 630 538
360 353 387
473 539 470
362 368 1039
793 561 241
570 518 503
385 481 449
629 540 413
712 721 172
368 484 385
591 713 172
635 633 401
696 780 697
371 382 364
305 473 470
535 588 580
1000 529 1034
1000 1031 986
494 500 427
117 491 436
500 494 498
619 620 621
118 270 493
498 620 490
493 134 434
490 492 493
619 107 495
621 494 497
496 495 107
436 491 495
107 445 496
448 496 445
498 490 428
119 499 133
498 428 500
427 497 494
1080 452 328
495 491 619
430 500 428
824 819 135
457 453 455
572 563 571
653 502 570
524 504 515
635 546 631
764 518 502
752 761 759
124 524 512
641 668 309
516 571 511
763 762 766
572 571 516
503 507 570
530 736 637
392 513 574
520 514 272
750 733 746
649 647 648
523 576 217
143 162 394
663 677 676
771 563 572
309 402 641
111 391 568
645 640 568
582 275 535
509 507 503
512 568 124
392 643 511
767 516 418
570 502 518
768 771 767
309 638 402
516 511 519
638 678 402
520 580 581
1067 418 516
520 115 580
674 377 671
767 418 1068
640 648 530
653 570 289
755 744 743
122 741 319
406 218 635
504 400 515
653 289 508
527 1083 425
425 1083 693
1031 528 1003
1028 977 1032
109 424 1033
300 525 527
695 291 1081
1081 618 695
1028 528 1082
617 694 1083
641 677 664
507 289 570
467 531 141
623 531 464
861 829 623
812 811 820
531 623 269
208 851 466
1051 795 1056
380 540 629
794 482 792
610 604 608
1022 1074 1060
705 557 706
642 146 304
258 658 654
238 414 598
256 306 590
547 798 791
258 639 633
784 477 101
611 613 1044
1058 797 471
280 1055 790
473 305 541
801 729 781
126 634 544
545 543 306
537 406 510
203 279 166
1045 567 472
264 401 522
276 204 543
478 578 475
709 723 717
701 1063 104
712 172 713
566 267 482
591 172 415
470 475 628
411 370 598
578 549 596
554 171 372
1046 565 730
182 552 240
553 552 363
339 553 363
171 551 553
337 555 372
372 555 554
241 560 337
561 556 560
562 415 369
554 556 558
414 239 577
240 558 559
561 793 792
556 561 416
777 278 548
240 559 209
337 560 555
561 560 241
793 565 1053
591 478 713
749 1069 398
783 786 778
507 509 645
578 478 591
1076 788 474
469 479 564
337 388 569
400 504 167
112 521 421
406 635 510
1049 1050 1047
337 380 627
730 565 569
565 241 569
730 569 567
507 515 289
523 217 510
644 656 660
513 248 126
541 386 469
640 111 568
524 515 507
575 112 265
571 112 575
644 660 659
337 569 241
575 511 571
513 246 248
763 765 764
545 423 599
627 632 472
475 470 557
419 657 585
377 520 579
274 152 582
275 582 276
582 115 274
800 676 667
582 152 534
588 603 580
688 656 657
666 664 583
317 606 611
586 585 654
664 677 663
662 687 686
665 772 228
585 587 670
679 377 579
585 670 672
591 415 237
550 488 562
597 600 278
100 488 593
204 590 306
558 267 559
488 100 592
721 548 369
717 703 708
100 593 203
590 593 488
729 278 777
0 237 592
475 557 478
590 488 550
566 482 564
722 595 719
597 776 600
1072 601 776
598 549 411
483 549 414
599 600 776
612 602 609
278 600 423
278 729 597
477 696 702
543 545 614
317 178 606
604 610 275
609 614 612
609 608 604
178 615 775
602 612 607
615 178 317
607 137 1044
641 664 1067
585 657 654
1043 612 599
610 535 275
276 543 605
178 608 606
106 690 775
588 610 608
602 613 609
317 106 615
276 605 604
608 178 588
609 605 614
276 604 275
609 604 605
607 1043 1042
580 603 581
588 535 610
156 991 694
489 616 298
156 424 616
617 424 156
1031 1034 990
618 1082 528
620 619 491
497 107 619
620 491 492
498 494 621
619 621 497
498 621 620
864 868 862
208 286 845
842 853 837
464 837 623
840 854 843
826 624 839
835 466 851
831 828 110
642 147 154
258 631 658
557 705 478
364 413 371
479 566 564
541 469 630
537 510 217
382 472 632
510 635 264
406 537 544
630 280 547
484 540 383
1059 1054 542
627 629 632
245 304 146
643 641 519
544 154 406
639 644 659
244 634 126
538 630 469
80 304 79
394 637 143
509 640 645
111 637 389
631 258 633
401 638 522
652 647 649
264 522 523
629 364 382
524 645 512
522 309 523
636 642 304
642 634 146
258 654 656
645 568 512
576 643 574
584 670 671
664 663 583
740 751 109
221 197 733
649 640 509
803 652 761
649 648 640
735 753 737
509 650 649
651 652 650
503 650 509
650 573 651
1071 765 1069
742 743 744
650 652 649
737 647 803
563 506 521
768 762 771
672 681 680
774 800 739
659 773 639
258 656 644
681 679 669
675 128 200
676 677 402
631 228 658
665 228 308
419 689 688
659 655 773
659 660 655
128 661 213
586 658 772
672 680 683
663 676 626
685 686 687
678 676 402
583 663 626
660 685 655
665 308 216
661 586 772
402 677 641
1067 666 418
773 667 678
739 756 774
309 668 576
641 643 668
581 603 775
673 318 680
671 670 587
672 670 584
671 587 674
671 377 679
584 681 672
585 672 419
692 681 669
692 680 681
675 674 587
674 675 200
586 682 587
661 682 586
583 105 666
641 1067 519
418 666 105
773 678 638
676 678 667
679 584 671
579 669 679
178 775 603
680 318 683
679 681 584
691 692 690
128 682 661
587 682 675
684 683 318
672 683 419
318 662 684
662 686 689
685 660 686
756 685 127
688 686 660
689 419 683
662 127 687
685 687 127
656 688 660
419 688 657
684 689 683
688 689 686
669 581 690
106 673 691
692 691 673
692 673 680
669 690 692
693 694 991
1003 988 986
291 1029 1082
618 528 1031
424 617 1033
618 526 695
782 777 711
1072 776 594
697 728 696
779 548 721
1074 1064 1060
1062 791 798
1052 796 1061
699 698 1077
1062 799 791
1076 1061 1077
783 728 697
1062 473 799
722 719 716
724 727 707
718 717 723
589 722 716
536 724 703
720 707 711
557 486 706
705 704 712
594 801 487
704 705 706
704 706 708
718 703 717
706 714 709
708 706 709
710 703 707
703 724 707
703 710 708
536 725 724
707 720 710
704 720 712
777 548 779
478 705 713
712 713 705
706 486 714
715 714 486
715 486 470
1062 1022 473
1060 716 130
719 595 723
708 709 717
709 719 723
595 536 718
536 703 718
801 781 487
709 716 719
710 720 704
720 711 779
172 721 369
712 720 779
714 716 709
716 714 715
595 718 723
728 725 702
536 702 725
780 784 726
594 487 802
779 721 712
728 724 725
707 778 782
782 778 729
728 727 724
801 594 776
696 728 702
287 1045 472
567 1045 730
287 731 1045
1050 1066 542
761 747 759
752 759 742
734 733 197
651 747 761
397 734 197
734 143 735
143 736 735
737 753 647
637 736 143
753 530 648
760 757 749
732 735 737
803 752 646
527 754 300
755 759 747
739 800 667
651 761 652
646 752 745
122 220 750
646 732 737
740 109 738
805 751 740
300 754 804
109 751 744
748 300 804
748 745 805
755 747 758
740 738 748
750 746 741
733 732 746
745 732 646
744 751 742
746 732 745
759 743 742
651 757 760
398 755 758
122 750 741
733 750 221
755 743 759
742 751 805
741 804 754
748 525 300
530 753 736
647 753 648
319 741 754
745 804 746
756 739 655
757 651 573
109 525 738
773 739 667
573 518 463
463 518 764
127 800 774
127 774 756
758 747 760
752 742 805
685 756 655
651 760 747
761 752 803
758 749 398
506 653 521
763 766 517
767 169 768
1069 765 770
767 1068 169
1071 757 463
757 573 463
738 525 748
766 169 769
169 766 768
516 767 572
769 169 1068
771 762 506
769 517 766
398 1069 770
762 763 764
766 762 768
563 771 506
767 771 572
228 772 658
661 772 665
773 638 639
739 773 655
626 800 127
676 800 626
106 775 615
581 775 690
776 601 599
787 780 785
787 781 786
728 783 727
711 777 779
784 696 477
785 780 726
802 277 1072
778 786 729
777 782 729
707 782 711
786 783 697
707 783 778
726 784 101
696 784 780
726 476 785
781 785 476
697 780 787
729 786 781
781 787 785
697 787 786
1052 1061 1076
1054 1059 1057
1077 1059 542
1065 701 104
482 794 564
730 1047 1046
280 790 547
471 797 700
561 792 416
1059 1061 796
565 793 241
797 1053 700
564 794 538
797 792 793
542 1054 1050
699 1063 701
630 547 791
1057 281 1054
789 796 1055
539 1022 130
471 700 789
798 790 1078
1055 796 1052
1052 474 1078
476 487 781
802 487 476
1072 594 802
801 776 597
737 803 646
652 803 647
746 804 741
748 804 745
748 805 740
752 805 745
993 51 52
921 924 923
961 879 849
904 869 875
901 882 967
879 876 883
965 982 976
899 946 937
355 810 136
9 810 352
121 114 834
832 121 834
140 254 830
855 853 625
825 814 812
624 826 828
816 500 426
813 825 833
823 838 231
295 820 852
500 816 821
838 823 824
830 254 811
817 815 834
426 431 822
819 816 426
822 251 314
427 500 821
813 833 295
292 832 254
426 500 430
818 427 821
426 822 819
818 816 823
819 823 816
814 302 140
814 824 135
827 834 114
829 817 827
269 829 827
853 842 841
829 269 623
840 828 826
838 825 813
829 826 817
295 231 813
815 820 811
817 826 839
824 814 838
814 830 812
831 624 828
254 832 811
820 833 812
838 813 231
855 1084 533
820 815 839
839 624 852
625 862 859
622 846 835
622 835 848
836 532 170
836 170 842
467 532 836
833 825 812
811 832 834
831 295 852
839 852 820
843 856 110
110 828 843
853 841 625
533 1084 1085
837 853 854
622 841 846
856 843 533
901 884 951
858 868 867
286 262 850
845 844 848
852 624 831
532 846 170
840 843 828
846 841 170
848 835 851
866 865 622
103 916 957
844 845 849
286 850 845
262 412 963
208 845 851
848 851 845
855 854 853
841 842 170
861 854 840
859 1084 625
854 533 843
868 858 859
1085 1084 847
857 860 858
862 865 864
1084 859 858
857 847 860
841 862 625
862 841 622
847 858 860
829 861 840
837 861 623
844 866 848
622 865 862
876 887 880
409 870 871
872 864 863
858 867 857
866 622 848
864 865 863
935 945 910
863 865 866
864 872 871
409 857 870
862 868 859
864 867 868
869 872 875
906 903 897
857 867 870
871 870 867
864 871 867
897 869 904
866 877 863
871 872 869
889 890 807
914 923 926
960 808 961
871 869 897
889 872 863
903 409 897
899 937 939
844 879 883
844 883 866
874 881 876
888 891 873
916 956 957
950 943 806
913 910 878
877 866 883
935 944 951
879 808 874
890 889 880
806 175 910
970 967 882
879 844 849
913 944 935
910 175 911
907 894 892
907 959 894
901 895 968
915 892 894
883 876 877
949 935 951
808 959 874
881 887 876
890 880 887
872 889 875
889 863 877
911 886 937
911 175 886
919 924 921
896 916 905
896 908 938
885 888 873
915 894 914
928 902 982
932 412 180
942 944 913
968 873 940
881 878 887
898 875 807
807 917 946
925 180 183
917 807 890
898 908 906
908 909 906
940 873 891
948 955 954
953 899 939
900 966 920
935 910 913
917 878 911
906 897 904
409 871 897
875 898 904
876 879 874
880 877 876
909 908 905
890 887 878
908 896 905
913 881 942
907 874 959
936 908 898
940 891 918
903 906 909
903 909 905
937 917 911
954 175 943
904 898 906
971 964 930
912 959 960
51 992 933
911 878 910
894 921 914
885 873 968
925 924 919
900 885 895
882 901 915
889 807 875
890 878 917
942 874 907
175 806 943
412 932 962
958 955 947
921 912 960
921 894 912
966 930 920
920 888 885
1011 969 998
926 923 929
976 982 975
882 914 926
919 932 925
923 924 922
49 925 183
933 925 50
934 929 923
895 967 900
900 972 927
895 901 967
927 966 900
971 966 999
934 923 922
929 934 928
966 971 930
972 900 967
997 980 996
970 882 926
932 919 962
180 925 932
51 933 50
922 925 933
922 933 902
928 934 902
898 807 946
938 936 899
948 954 943
946 899 936
936 938 908
939 937 886
953 952 956
938 953 896
949 950 945
968 940 884
943 950 893
910 945 806
874 942 881
944 942 907
945 950 806
886 954 939
907 892 944
951 944 892
949 945 935
950 949 918
937 946 917
898 946 936
943 893 948
940 918 949
941 918 891
896 956 916
940 949 884
950 918 941
950 941 893
951 892 915
951 884 949
939 952 953
893 947 948
899 953 938
954 886 175
955 948 947
952 939 955
954 955 939
953 956 896
956 952 957
952 958 957
103 957 958
955 958 952
103 958 947
960 959 808
894 959 912
879 961 808
921 960 919
963 849 850
962 961 412
919 960 962
961 962 960
412 961 963
849 963 961
930 888 920
972 996 927
922 902 934
1005 981 979
929 997 926
885 900 920
965 976 979
999 966 927
901 968 884
885 968 895
964 971 969
1011 964 969
981 928 965
972 967 970
930 964 931
996 972 970
974 994 190
975 809 976
986 257 1000
983 985 975
983 975 982
973 994 985
979 1002 1016
1012 1021 1025
989 1027 809
1006 1008 995
980 998 996
929 928 981
1002 976 809
1005 978 1004
998 1004 995
999 996 998
979 981 965
929 981 980
928 982 965
983 982 902
992 983 902
983 973 985
987 984 985
989 987 986
987 985 974
985 984 975
986 987 257
991 156 489
257 987 974
989 986 988
529 693 991
979 1016 978
987 989 984
1027 989 988
489 526 990
977 1002 1027
1032 528 1028
695 526 298
933 992 902
993 992 51
994 993 193
993 973 992
190 994 193
985 994 974
1006 995 1004
1017 1026 1029
997 996 970
1004 998 980
926 997 970
980 997 929
1011 998 995
999 998 969
971 999 969
996 999 927
529 257 229
694 617 156
988 1032 1027
995 1008 1011
976 1002 979
1027 1002 809
1034 1031 1000
156 616 489
980 981 1005
1006 1004 978
978 1005 979
980 1005 1004
1006 978 1016
1002 1035 1016
964 1015 931
1006 1013 1018
1008 1006 1018
1015 1011 1008
1028 1029 1026
1008 1018 1020
1008 1020 1015
1013 1023 1036
1030 1035 977
990 526 618
1030 1026 1001
1032 977 1027
1015 964 1011
1007 931 1015
1035 1037 1013
1019 1009 1021
1023 1037 1024
1035 1002 977
1075 1024 1010
1014 102 1012
1035 1013 1016
1013 1006 1016
1024 1001 1010
1021 1009 1020
1009 1007 1020
1015 1020 1007
1001 1026 1017
1025 1075 1014
1078 474 485
1021 1012 1019
1020 1018 1036
1019 1012 102
1010 1014 1075
1013 1036 1018
1076 1077 698
1036 1023 1021
1023 1075 1025
977 1026 1030
1034 529 991
1082 1029 1028
1081 1082 618
1023 1025 1021
1036 1021 1020
291 1017 1029
528 1032 988
1001 1037 1030
424 298 616
618 1031 990
988 1003 528
1030 1037 1035
298 526 489
1028 1026 977
693 529 229
986 1031 1003
1037 1001 1024
1025 1014 1012
1075 1023 1024
1074 1051 1064
1037 1023 1013
1038 29 30
433 1038 301
385 1039 368
362 371 1040
413 1040 371
108 362 1041
1039 1041 362
607 1042 137
1042 1043 601
612 1043 607
607 1044 602
137 611 1044
1047 1045 731
730 1045 1047
1058 794 797
1049 1047 731
1047 1050 1054
797 794 792
1059 796 789
731 177 1049
1049 177 1050
474 788 485
1053 797 793
798 1073 1062
177 1063 1066
539 473 1022
474 1052 1076
281 565 1046
789 700 1057
794 1058 280
177 1066 1050
1061 1059 1077
699 542 1066
1059 789 1057
1078 790 1052
798 547 790
281 1053 565
701 698 699
789 1055 471
630 791 799
700 281 1057
1051 1073 798
1064 589 1060
698 1048 1076
1046 1047 1054
795 1078 1056
1078 485 1056
701 1065 698
1063 699 1066
1074 1022 1073
716 1060 589
1048 788 1076
1051 798 795
1051 1074 1073
1073 1022 1062
666 1067 664
418 105 1068
1071 749 757
517 770 1070
765 1070 770
765 1071 463
749 1071 1069
601 1072 277
798 1078 795
454 1079 453
330 1080 328
453 1080 455
291 1082 1081
617 1083 527
693 1083 694
625 1084 855
847 856 1085
533 1085 856
