0.000000000000000000e+00 0.000000000000000000e+00 1.000000000000000000e+00
2.276895974883162976e-01 3.318475350954361858e-01 1.000000000000000000e+00
4.378740586581555405e-01 5.105424814984703685e-01 1.000000000000000000e+00
6.450301313201617370e-01 6.586070306947019448e-01 1.000000000000000000e+00
8.505409860720722914e-01 7.877474785352363007e-01 1.000000000000000000e+00
1.054947573878397771e+00 9.025420976076052870e-01 1.000000000000000000e+00
1.258531265300511848e+00 1.005372233380415592e+00 1.000000000000000000e+00
1.461462331913668145e+00 1.097678958587728015e+00 1.000000000000000000e+00
1.663854262495209957e+00 1.180422771670968318e+00 1.000000000000000000e+00
1.865788001631759396e+00 1.254288737278058452e+00 1.000000000000000000e+00
2.067324262947540348e+00 1.319790697771262122e+00 1.000000000000000000e+00
2.268510388917212239e+00 1.377329330417420339e+00 1.000000000000000000e+00
2.469384447389681103e+00 1.427226817818199933e+00 1.000000000000000000e+00
2.669977814554342910e+00 1.469748708530177472e+00 1.000000000000000000e+00
2.870316876428317787e+00 1.505118317394822824e+00 1.000000000000000000e+00
3.070424190824823096e+00 1.533526559716216209e+00 1.000000000000000000e+00
3.270319305234666629e+00 1.555138873301468827e+00 1.000000000000000000e+00
3.470019347522182773e+00 1.570100217743796378e+00 1.000000000000000000e+00
3.669539462111496508e+00 1.578538766031825968e+00 1.000000000000000000e+00
3.868893138363712403e+00 1.580568683729956625e+00 1.000000000000000000e+00
4.068092462027616207e+00 1.576292257100692096e+00 1.000000000000000000e+00
4.267148310706031289e+00 1.567190436299277012e+00 1.000000000000000000e+00
4.466070507858222349e+00 1.554735249865348168e+00 1.000000000000000000e+00
4.664867945607243271e+00 1.539001955199120975e+00 1.000000000000000000e+00
4.863548683744430612e+00 1.520058765362678699e+00 1.000000000000000000e+00
5.062120030338086885e+00 1.497967531301815924e+00 1.000000000000000000e+00
5.260588607959166829e+00 1.472784302339018137e+00 1.000000000000000000e+00
5.458960408541526199e+00 1.444559790476514616e+00 1.000000000000000000e+00
5.657240839173494074e+00 1.413339757947671194e+00 1.000000000000000000e+00
5.855434760588354770e+00 1.379165342976482744e+00 1.000000000000000000e+00
6.053546519728038255e+00 1.342073335376414711e+00 1.000000000000000000e+00
6.251579977458678883e+00 1.302096411117649621e+00 1.000000000000000000e+00
6.449538532292095283e+00 1.259263333090943737e+00 1.000000000000000000e+00
6.647425140794933185e+00 1.213599123837937332e+00 1.000000000000000000e+00
6.845242335233828079e+00 1.165125214888792948e+00 1.000000000000000000e+00
7.042992238900755986e+00 1.113859576466486700e+00 1.000000000000000000e+00
7.240676579480804342e+00 1.059816830623284911e+00 1.000000000000000000e+00
7.438296700759565283e+00 1.003008350324845255e+00 1.000000000000000000e+00
7.635853572915464405e+00 9.434423465580906720e-01 1.000000000000000000e+00
7.833347801600626603e+00 8.811239451859749217e-01 1.000000000000000000e+00
8.030779635980119124e+00 8.160552549866927352e-01 1.000000000000000000e+00
8.228148975871997450e+00 7.482354280825893600e-01 1.000000000000000000e+00
8.425455378108114957e+00 6.776607137740116027e-01 1.000000000000000000e+00
8.622698062217150294e+00 6.043245066370308560e-01 1.000000000000000000e+00
8.819875915516130149e+00 5.282173896148385506e-01 1.000000000000000000e+00
9.016987497683961905e+00 4.493271727253441150e-01 1.000000000000000000e+00
9.214031044879988031e+00 3.676389279180302672e-01 1.000000000000000000e+00
9.411004473461682451e+00 2.831350205381846230e-01 1.000000000000000000e+00
9.607905383348152029e+00 1.957951377935755466e-01 1.000000000000000000e+00
9.804731061069864140e+00 1.055963145653681656e-01 1.000000000000000000e+00
1.000147848253962124e+01 1.251295685999219420e-02 1.000000000000000000e+00
9.998521517460378760e+00 -1.251295685999219420e-02 1.000000000000000000e+00
9.795268938930137281e+00 2.551479654574251299e-02 1.000000000000000000e+00
9.592094616651847261e+00 6.198263998420244780e-02 1.000000000000000000e+00
9.388995526538318259e+00 9.686497946181529817e-02 1.000000000000000000e+00
9.185968955120010548e+00 1.301388498597478849e-01 1.000000000000000000e+00
8.983012502316038095e+00 1.617839383857670454e-01 1.000000000000000000e+00
8.780124084483871272e+00 1.917826103851610620e-01 1.000000000000000000e+00
8.577301937782848995e+00 2.201199378074138457e-01 1.000000000000000000e+00
8.374544621891885754e+00 2.467837306704328548e-01 1.000000000000000000e+00
8.171851024128001129e+00 2.717645719174111019e-01 1.000000000000000000e+00
7.969220364019881764e+00 2.950558561244184252e-01 1.000000000000000000e+00
7.766652198399373042e+00 3.166538325918029084e-01 1.000000000000000000e+00
7.564146427084534885e+00 3.365576534419095767e-01 1.000000000000000000e+00
7.361703299240435427e+00 3.547694274529322733e-01 1.000000000000000000e+00
7.159323420519196013e+00 3.712942804878258118e-01 1.000000000000000000e+00
6.957007761099244014e+00 3.861404235335135771e-01 1.000000000000000000e+00
6.754757664766171565e+00 3.993192295556515226e-01 1.000000000000000000e+00
6.552574859205066105e+00 4.108453206065074137e-01 1.000000000000000000e+00
6.350461467707905427e+00 4.207366669090564226e-01 1.000000000000000000e+00
6.148420022541321472e+00 4.290146999934613681e-01 1.000000000000000000e+00
5.946453480271961745e+00 4.357044424013632455e-01 1.000000000000000000e+00
5.744565239411644875e+00 4.408346570235173179e-01 1.000000000000000000e+00
5.542759160826505216e+00 4.444380198301066121e-01 1.000000000000000000e+00
5.341039591458474511e+00 4.465513206345963493e-01 1.000000000000000000e+00
5.139411392040833526e+00 4.472156976609816814e-01 1.000000000000000000e+00
4.937879969661913115e+00 4.464769131426286064e-01 1.000000000000000000e+00
4.736451316255569033e+00 4.443856790817656277e-01 1.000000000000000000e+00
4.535132054392756018e+00 4.409980448008790077e-01 1.000000000000000000e+00
4.333929492141778361e+00 4.363758612457628860e-01 1.000000000000000000e+00
4.132851689293969066e+00 4.305873414785006403e-01 1.000000000000000000e+00
3.931907537972383793e+00 4.237077428993083483e-01 1.000000000000000000e+00
3.731106861636287242e+00 4.144313162700433706e-01 1.000000000000000000e+00
3.530460537888503669e+00 4.014612339681741249e-01 1.000000000000000000e+00
3.329980652477817049e+00 3.848997822562036930e-01 1.000000000000000000e+00
3.129680694765333726e+00 3.648611266985312129e-01 1.000000000000000000e+00
2.929575809175176904e+00 3.414734402837836802e-01 1.000000000000000000e+00
2.729683123571681858e+00 3.148816826051764606e-01 1.000000000000000000e+00
2.530022185445657268e+00 2.852512914698224211e-01 1.000000000000000000e+00
2.330615552610318719e+00 2.527731821818001157e-01 1.000000000000000000e+00
2.131489611082788116e+00 2.176706695825796345e-01 1.000000000000000000e+00
1.932675737052459430e+00 1.802093022287378776e-01 1.000000000000000000e+00
1.734211998368240693e+00 1.407112627219418988e-01 1.000000000000000000e+00
1.536145737504790221e+00 9.957722832903170840e-02 1.000000000000000000e+00
1.338537668086331678e+00 5.732104141227190031e-02 1.000000000000000000e+00
1.141468734699488063e+00 1.462776661958414826e-02 1.000000000000000000e+00
9.450524261216022293e-01 -2.754209760760534254e-02 1.000000000000000000e+00
7.494590139279277974e-01 -6.774747853523616081e-02 1.000000000000000000e+00
5.549698686798382186e-01 -1.036070306947021180e-01 1.000000000000000000e+00
3.621259413418445039e-01 -1.305424814984703641e-01 1.000000000000000000e+00
1.723104025116837246e-01 -1.368475350954361791e-01 1.000000000000000000e+00
-2.000000000000000000e+00 -2.000000000000000000e+00 2.000000000000000000e+00
1.200000000000000000e+01 -2.000000000000000000e+00 2.000000000000000000e+00
1.200000000000000000e+01 3.000000000000000000e+00 2.000000000000000000e+00
-2.000000000000000000e+00 3.000000000000000000e+00 2.000000000000000000e+00
5.000000000000000000e+00 -2.000000000000000000e+00 2.000000000000000000e+00
1.500000000000000000e+00 -2.000000000000000000e+00 2.000000000000000000e+00
5.000000000000000000e+00 3.000000000000000000e+00 2.000000000000000000e+00
1.500000000000000000e+00 3.000000000000000000e+00 2.000000000000000000e+00
8.500000000000000000e+00 -2.000000000000000000e+00 2.000000000000000000e+00
8.500000000000000000e+00 3.000000000000000000e+00 2.000000000000000000e+00
7.133882707141328439e+00 -4.118000583823950289e-01 0.000000000000000000e+00
5.428717819722331583e+00 -8.127161244759799619e-01 0.000000000000000000e+00
7.766697486558375552e+00 1.656915063339164940e+00 0.000000000000000000e+00
8.078138973655553556e+00 1.957498819872145690e+00 0.000000000000000000e+00
1.257419484338903271e+00 -1.003953888084186286e+00 0.000000000000000000e+00
3.250000000000000000e+00 3.000000000000000000e+00 2.000000000000000000e+00
4.866305811385906566e+00 2.393320654699120364e+00 0.000000000000000000e+00
5.045221887548353656e+00 2.249569462671565212e+00 0.000000000000000000e+00
4.509202540782138335e+00 2.056625362230581455e+00 0.000000000000000000e+00
1.922473241928146948e+00 2.206765051858349480e+00 0.000000000000000000e+00
7.840635219383805143e+00 1.951784927319980545e+00 0.000000000000000000e+00
8.525663568877810405e+00 -8.894878252624022208e-01 0.000000000000000000e+00
6.242912681995378854e+00 1.954639888200232045e+00 0.000000000000000000e+00
6.599033782590840502e+00 -2.584438159281263192e-01 0.000000000000000000e+00
5.435350949155474787e+00 -1.795682025268538484e-01 0.000000000000000000e+00
4.453807477360482103e+00 -4.004234390803597110e-01 0.000000000000000000e+00
3.250000000000000000e+00 -2.000000000000000000e+00 2.000000000000000000e+00
2.345888788624017174e+00 -4.162091570460582091e-01 0.000000000000000000e+00
1.149302077953777923e+00 -5.003710038526238968e-01 0.000000000000000000e+00
-1.593431309318812161e+00 4.389795693789579345e-01 0.000000000000000000e+00
2.375000000000000000e+00 3.000000000000000000e+00 2.000000000000000000e+00
4.188603478984950890e+00 2.030639340862840037e+00 0.000000000000000000e+00
4.801707991213338467e+00 1.922836000920342236e+00 0.000000000000000000e+00
5.211085647289358747e+00 1.877307625573050975e+00 0.000000000000000000e+00
6.782982208825341530e+00 2.376069097060594437e+00 0.000000000000000000e+00
2.046881357491690423e+00 1.771767109461333423e+00 0.000000000000000000e+00
1.875000000000000000e-01 -2.000000000000000000e+00 2.000000000000000000e+00
8.989077437598940179e+00 -4.659737913313796165e-01 0.000000000000000000e+00
8.402124114814451872e+00 -3.277331664064167538e-01 0.000000000000000000e+00
7.182900874208637099e+00 2.190748713451976748e+00 0.000000000000000000e+00
8.426600836358351998e+00 1.646872421303060108e+00 0.000000000000000000e+00
6.826662146140118459e+00 -5.570703782542935079e-02 0.000000000000000000e+00
7.588389232663816486e+00 -4.569114410798370551e-01 0.000000000000000000e+00
5.438710412898758229e+00 1.411005721988905504e-01 0.000000000000000000e+00
6.028080227037778016e+00 -1.520232134841405514e-01 0.000000000000000000e+00
4.444030586454262632e+00 2.516232092309417245e-02 0.000000000000000000e+00
3.849336468988326043e+00 3.313112314818139614e-02 0.000000000000000000e+00
3.275645561161941277e+00 -8.307043002814601396e-02 0.000000000000000000e+00
2.287129441883823944e+00 -8.288514754357512171e-02 0.000000000000000000e+00
1.753987703722421632e+00 -4.519372973856087272e-01 0.000000000000000000e+00
1.094185100948239953e+00 -2.436503963335728273e-01 0.000000000000000000e+00
9.955067813653826203e-01 -6.707820513236479876e-01 0.000000000000000000e+00
2.915603330950391481e+00 1.905101950028010194e+00 0.000000000000000000e+00
3.852742598344532698e+00 -2.267992573126904055e-01 0.000000000000000000e+00
8.226104380648616043e+00 1.772720856533636091e+00 0.000000000000000000e+00
9.156250000000000000e+00 -1.746287850087197224e+00 0.000000000000000000e+00
9.038096022533062879e+00 -1.515920473359455567e-01 0.000000000000000000e+00
8.635890509703907369e+00 -1.005473429966180221e-01 0.000000000000000000e+00
8.235350367775433611e+00 -4.781866402983148134e-02 0.000000000000000000e+00
7.417710638360415665e+00 1.303531047752504834e+00 0.000000000000000000e+00
8.081379986216637334e+00 1.301645970060590241e+00 0.000000000000000000e+00
7.627537308789900550e+00 -5.861046102644995592e-02 0.000000000000000000e+00
6.038047491606052475e+00 1.488932998872094515e-01 0.000000000000000000e+00
1.895344032865220019e+00 -1.505662483400020402e-01 0.000000000000000000e+00
1.503729091081957181e+00 -2.320067910000558897e-01 0.000000000000000000e+00
7.049512513181006579e-01 -3.717024971267776090e-01 0.000000000000000000e+00
5.981157498558457242e+00 -3.524952392096927789e-01 0.000000000000000000e+00
7.247574684456653316e+00 1.733184150212661923e+00 0.000000000000000000e+00
5.438326606930562690e+00 -1.766159598262847741e+00 0.000000000000000000e+00
9.104035851528172074e+00 1.903233200555678462e+00 0.000000000000000000e+00
5.913831134938333234e-01 1.800875308972949895e+00 0.000000000000000000e+00
-6.366481412136593132e-01 -3.423829164443551454e-01 0.000000000000000000e+00
8.717761823992928427e+00 1.161921783431886235e+00 0.000000000000000000e+00
8.431120482268243066e+00 1.004591752428919849e+00 0.000000000000000000e+00
1.143172314480810670e+01 1.828302085819750289e+00 0.000000000000000000e+00
1.155394273052078535e+00 1.501332569954532348e+00 0.000000000000000000e+00
-1.125000000000000000e+00 3.000000000000000000e+00 2.000000000000000000e+00
1.121706316705402662e+00 -1.727143245427192664e+00 0.000000000000000000e+00
8.832882820820739056e+00 8.553927470163942282e-01 0.000000000000000000e+00
9.899397726091994087e+00 5.720205599834682353e-01 0.000000000000000000e+00
1.262901074895747655e+00 1.264985002458153263e+00 0.000000000000000000e+00
5.326900608719243868e-01 1.065474810108366865e+00 0.000000000000000000e+00
9.797590825418932781e+00 3.498645328363659823e-01 0.000000000000000000e+00
1.301673695748644555e+00 -3.333803632952437868e-01 0.000000000000000000e+00
9.339942683968742720e-01 -4.123197937468993102e-01 0.000000000000000000e+00
3.836345410541589507e-01 8.053761893077908685e-01 0.000000000000000000e+00
5.000223107413247270e+00 -1.465763150655358116e-02 0.000000000000000000e+00
5.725044865516768944e+00 -2.225117540172810715e-02 0.000000000000000000e+00
2.765775120863749770e+00 -1.703492060034232924e-01 0.000000000000000000e+00
9.416363027427049559e+00 -4.070353025307541506e-01 0.000000000000000000e+00
9.450716161767324763e+00 -1.524762138239481035e-01 0.000000000000000000e+00
9.244187165061916289e+00 -2.542023611938524774e-01 0.000000000000000000e+00
9.614292695840726211e+00 -3.041486627913070895e-01 0.000000000000000000e+00
8.695791232207376709e+00 -3.960448252440721406e-01 0.000000000000000000e+00
8.849897629776377173e+00 -2.439007394144310226e-02 0.000000000000000000e+00
8.429341750712703529e+00 -1.218774772365294190e-01 0.000000000000000000e+00
7.993543016225059361e+00 -3.815274320916238193e-01 0.000000000000000000e+00
7.749722025478625653e+00 1.364802988518628801e+00 0.000000000000000000e+00
6.416564926224595844e+00 -1.426767142588575288e-02 0.000000000000000000e+00
2.048251131752084397e+00 -4.061231339075179192e-01 0.000000000000000000e+00
2.071737028419906590e+00 -3.847784334760365188e-03 0.000000000000000000e+00
1.711352077830729179e+00 -2.481026017269445660e-01 0.000000000000000000e+00
4.446318890578703220e-01 -3.775094005098094119e-01 0.000000000000000000e+00
4.258306895759242927e-01 -7.191726961338293922e-01 0.000000000000000000e+00
6.614859823333496536e+00 1.524081335626888301e+00 0.000000000000000000e+00
8.441304648486850581e+00 1.325819653606663540e+00 0.000000000000000000e+00
8.642720932224177588e+00 9.588570753397167579e-01 0.000000000000000000e+00
9.427104728727535132e+00 1.253442689821768985e+00 0.000000000000000000e+00
1.814389822917755191e-01 1.094008186472373190e+00 0.000000000000000000e+00
5.248053027515379831e+00 -1.725400413995401006e-02 0.000000000000000000e+00
5.212592422916172197e+00 2.193923388186032053e-01 0.000000000000000000e+00
5.668959164044637511e+00 2.120673307153811971e-01 0.000000000000000000e+00
2.510229225161452860e+00 -2.153975957549351672e-01 0.000000000000000000e+00
2.598390316264358457e+00 3.183268670791433719e-02 0.000000000000000000e+00
2.863118477833573206e+00 8.061982678452078721e-02 0.000000000000000000e+00
3.020372663502273625e+00 -1.247371530801212602e-01 0.000000000000000000e+00
4.311095894263958783e+00 -7.407712795535729144e-01 0.000000000000000000e+00
3.635607682541583952e+00 -3.697252267618116317e-01 0.000000000000000000e+00
3.417206123864578338e+00 -2.746437468917786173e-01 0.000000000000000000e+00
8.493058255984980320e+00 -6.021967425277106045e-01 0.000000000000000000e+00
8.222192566902990052e+00 -5.396430960393551191e-01 0.000000000000000000e+00
8.790461658368101894e+00 -7.139395262861878422e-01 0.000000000000000000e+00
8.186257564203348380e+00 -2.667076317511957728e-01 0.000000000000000000e+00
7.612962020939259666e+00 1.175694776890033211e+00 0.000000000000000000e+00
7.878370366335007091e+00 1.137976898248635571e+00 0.000000000000000000e+00
7.992249939161863992e+00 1.735995421218729184e+00 0.000000000000000000e+00
6.195299889479009003e+00 -6.938704543198837005e-03 0.000000000000000000e+00
3.223155819490713281e+00 -5.642931929964047910e-01 0.000000000000000000e+00
9.224353092878025961e+00 -9.820681124139999385e-01 0.000000000000000000e+00
6.363877378555033104e+00 1.742192657957951640e+00 0.000000000000000000e+00
6.750000000000000000e+00 3.000000000000000000e+00 2.000000000000000000e+00
8.250313935765408502e+00 1.477935611555208917e+00 0.000000000000000000e+00
8.270966004904648727e+00 1.170444657768418883e+00 0.000000000000000000e+00
9.083193698464107513e+00 1.124282395296391623e+00 0.000000000000000000e+00
9.263664917965421353e+00 7.658553286524070192e-01 0.000000000000000000e+00
9.558616888488515428e+00 5.937839495977381699e-01 0.000000000000000000e+00
-2.606847029001386207e-01 -7.080581716064104913e-02 0.000000000000000000e+00
1.786630496466472540e-01 6.024725041175982287e-01 0.000000000000000000e+00
1.380539097920130132e-01 8.484775226601766196e-01 0.000000000000000000e+00
3.677330510928509821e-01 1.211073046642648920e+00 0.000000000000000000e+00
-3.289248031103010339e-01 2.113679498107889465e+00 0.000000000000000000e+00
4.979689055462639402e+00 2.173477811410437499e-01 0.000000000000000000e+00
4.727342431747100449e+00 7.810198637309140324e-02 0.000000000000000000e+00
4.629619459441634888e+00 -1.834793666921784305e-01 0.000000000000000000e+00
4.554436106350741476e+00 2.188717686696934894e-01 0.000000000000000000e+00
4.938372198120983825e+00 -6.134045622842828616e-01 0.000000000000000000e+00
5.134935818615943504e+00 -3.370031318732072956e-01 0.000000000000000000e+00
4.725211213842988478e+00 -4.406584036281160355e-01 0.000000000000000000e+00
4.877988968070349429e+00 -2.375169872166433827e-01 0.000000000000000000e+00
5.865726500571526003e+00 2.518930513138678551e-01 0.000000000000000000e+00
6.440465815037895503e+00 2.098650454050350778e+00 0.000000000000000000e+00
7.947399715570868217e+00 1.500472369972790210e+00 0.000000000000000000e+00
5.580592212644253536e+00 2.047547999521201589e+00 0.000000000000000000e+00
7.445294876607737145e+00 2.133204304948818741e+00 0.000000000000000000e+00
6.685054852587472674e+00 1.828272659643134013e+00 0.000000000000000000e+00
-1.553303813699912772e-01 -8.590590669254880574e-01 0.000000000000000000e+00
9.404578686680046928e+00 -8.799393745814272361e-01 0.000000000000000000e+00
3.301136948934019877e+00 -1.042047799494618898e+00 0.000000000000000000e+00
7.271993887290041592e+00 1.969988542920788399e+00 0.000000000000000000e+00
7.203181994318708981e+00 1.273208802692060715e+00 0.000000000000000000e+00
8.891108941752511541e+00 1.052142447555542315e+00 0.000000000000000000e+00
9.749418883330198682e+00 9.025157939949047803e-01 0.000000000000000000e+00
9.337968368670271246e+00 5.543927181912298163e-01 0.000000000000000000e+00
3.846512455946766273e+00 -8.526579610561586531e-01 0.000000000000000000e+00
5.225607410561273980e+00 -6.095785671538938022e-01 0.000000000000000000e+00
5.541054243986348382e+00 -4.972843023509532778e-01 0.000000000000000000e+00
-1.340165221270253337e-01 1.482970736762746045e+00 0.000000000000000000e+00
9.352354327472475859e+00 -6.420391273265979581e-01 0.000000000000000000e+00
8.312213785901077401e+00 1.998114877454029159e+00 0.000000000000000000e+00
5.019164807802956041e+00 2.014877781748565688e+00 0.000000000000000000e+00
1.925136725120276449e+00 -6.535725628714545987e-01 0.000000000000000000e+00
1.567584627044257273e+00 -7.836108660164250450e-01 0.000000000000000000e+00
1.401887908155456497e+00 -5.778329476185678493e-01 0.000000000000000000e+00
1.210740408494651588e+00 -7.505780669238202307e-01 0.000000000000000000e+00
8.221459931540255894e-01 -1.080081287326192019e+00 0.000000000000000000e+00
6.389083618517923391e-01 -9.869136124244186625e-01 0.000000000000000000e+00
-2.500000000000000000e-01 -2.000000000000000000e+00 2.000000000000000000e+00
-5.030882406332127799e-01 -1.102709852700884507e+00 0.000000000000000000e+00
5.837197411253670642e-01 -5.601609794769631945e-01 0.000000000000000000e+00
-1.077128708388219280e+00 1.470467609910343754e+00 0.000000000000000000e+00
-8.977326803010688971e-01 2.283297415909479433e+00 0.000000000000000000e+00
3.619783092332896857e+00 1.565948773505618230e-01 0.000000000000000000e+00
3.621372301928283743e+00 -1.040495658062359219e-01 0.000000000000000000e+00
9.736312503958439279e+00 6.972902744679051468e-01 0.000000000000000000e+00
9.504802652039643363e+00 8.403676484843778383e-01 0.000000000000000000e+00
9.577214842605641820e+00 1.067832990027888895e+00 0.000000000000000000e+00
-2.500000000000000000e-01 3.000000000000000000e+00 2.000000000000000000e+00
5.351053928496807721e+00 -3.840552467049316299e-01 0.000000000000000000e+00
6.093818910319067861e+00 -8.167174321589283359e-01 0.000000000000000000e+00
5.778508349721240833e+00 -3.161070814931736805e-01 0.000000000000000000e+00
1.025000000000000000e+01 -2.000000000000000000e+00 2.000000000000000000e+00
7.581692132302700671e+00 1.901778809197204989e+00 0.000000000000000000e+00
9.090128257652466459e+00 -8.242858657534947175e-01 0.000000000000000000e+00
8.857184051073792475e+00 -9.948162668435647227e-01 0.000000000000000000e+00
7.625000000000000000e+00 3.000000000000000000e+00 2.000000000000000000e+00
6.378737640292482247e+00 1.502249464331795625e+00 0.000000000000000000e+00
7.105215476076304881e+00 1.469084811227171716e+00 0.000000000000000000e+00
9.375000000000000000e+00 -2.000000000000000000e+00 2.000000000000000000e+00
7.319726337111246650e+00 1.513242935216241314e+00 0.000000000000000000e+00
8.420286368922054621e+00 -1.442605218702875947e+00 0.000000000000000000e+00
6.040139463015076871e+00 1.818077429538444534e+00 0.000000000000000000e+00
6.947972922764160231e+00 2.207947139693232419e+00 0.000000000000000000e+00
1.548717827835781824e+00 -4.331638851316537142e-01 0.000000000000000000e+00
4.289207422723299246e+00 2.040552959630979879e-01 0.000000000000000000e+00
-1.017441534684312421e+00 6.351495178023659482e-01 0.000000000000000000e+00
8.097139269360990876e-02 -9.545530773352852716e-01 0.000000000000000000e+00
6.960752076844904046e+00 1.972737400404964703e+00 0.000000000000000000e+00
3.182694588525403212e+00 -3.164057923359836488e-01 0.000000000000000000e+00
4.199565407100912751e+00 -1.210375039793439633e+00 0.000000000000000000e+00
9.195797602750166888e+00 -4.554542852767328176e-01 0.000000000000000000e+00
6.819925035100698807e+00 1.402285500185425526e+00 0.000000000000000000e+00
6.937427822672953326e+00 1.609840460426708919e+00 0.000000000000000000e+00
7.534940831387915594e+00 1.598464531587868276e+00 0.000000000000000000e+00
6.716865607695172713e+00 2.102868199699458263e+00 0.000000000000000000e+00
6.493492364381530990e+00 1.900800397806948761e+00 0.000000000000000000e+00
7.047379099683602988e+00 1.784971651699390538e+00 0.000000000000000000e+00
1.062500000000000000e+00 -2.000000000000000000e+00 2.000000000000000000e+00
2.375000000000000000e+00 -2.000000000000000000e+00 2.000000000000000000e+00
8.594639873294855903e+00 -1.114875318101230084e+00 0.000000000000000000e+00
6.155833632788155541e+00 1.583145195781675785e+00 0.000000000000000000e+00
4.989208426783922512e+00 1.745518882983874809e+00 0.000000000000000000e+00
3.463890309749767304e+00 2.186227190932299003e+00 0.000000000000000000e+00
3.346618729793797709e+00 1.876966638591401448e+00 0.000000000000000000e+00
3.765447932831197608e+00 1.949636658109181742e+00 0.000000000000000000e+00
3.146686826704396367e+00 2.129645766004145013e+00 0.000000000000000000e+00
3.544681689207466846e+00 1.978726141801166127e+00 0.000000000000000000e+00
3.132546157444342061e+00 1.913019544724628540e+00 0.000000000000000000e+00
3.233453284343502432e+00 2.560655255564382227e+00 0.000000000000000000e+00
2.939419676320873975e+00 2.111770697975823285e+00 0.000000000000000000e+00
3.274941757000057407e+00 2.328065000907441284e+00 0.000000000000000000e+00
2.449954763267375490e+00 2.042283793412746462e+00 0.000000000000000000e+00
2.508669853102697633e+00 1.736303226172339453e+00 0.000000000000000000e+00
2.668616410261697602e+00 1.925619370156391286e+00 0.000000000000000000e+00
2.741397120700774348e+00 1.701904820879030389e+00 0.000000000000000000e+00
2.657563871578885628e+00 2.168152480580098018e+00 0.000000000000000000e+00
2.812500000000000000e+00 3.000000000000000000e+00 2.000000000000000000e+00
-8.665660295455318574e-03 2.263988545700886590e+00 0.000000000000000000e+00
2.409694997785082560e+00 2.342839308811722976e+00 0.000000000000000000e+00
8.951542470423204945e-01 1.497885663244240773e+00 0.000000000000000000e+00
2.639764856748954447e+00 2.406094928427791935e+00 0.000000000000000000e+00
2.285303979690326059e+00 1.852064948060328176e+00 0.000000000000000000e+00
2.181224609095999245e+00 2.108523737209495152e+00 0.000000000000000000e+00
2.231978320457640663e+00 1.616286480601291986e+00 0.000000000000000000e+00
2.866560076901262466e+00 2.480238987749728619e+00 0.000000000000000000e+00
3.045297132766313197e+00 2.335842953041200598e+00 0.000000000000000000e+00
1.935300789572052649e+00 2.490555580033968930e+00 0.000000000000000000e+00
2.208203884525833161e+00 2.569457485114909012e+00 0.000000000000000000e+00
7.425414748192595837e-01 1.171527827506654740e+00 0.000000000000000000e+00
1.988314959389331227e+00 1.990306440490702711e+00 0.000000000000000000e+00
1.467682764140959106e+00 1.950185205538932598e+00 0.000000000000000000e+00
1.723547157368635396e+00 2.028013253038788211e+00 0.000000000000000000e+00
1.631423625399542221e+00 1.582035984276546126e+00 0.000000000000000000e+00
1.484653598425471399e+00 2.353891390420256524e+00 0.000000000000000000e+00
1.714248493919681371e+00 2.312124942396901695e+00 0.000000000000000000e+00
1.649871140431643290e+00 1.810728771108038870e+00 0.000000000000000000e+00
1.405168226170921963e+00 1.472322143737633260e+00 0.000000000000000000e+00
1.546957831557330021e+00 2.149062471824704890e+00 0.000000000000000000e+00
1.428535520565759720e+00 1.712285849241277358e+00 0.000000000000000000e+00
1.204670673618985166e+00 1.871294252976543282e+00 0.000000000000000000e+00
1.191389320692389564e+00 2.201515378008377599e+00 0.000000000000000000e+00
1.002357706373514290e+00 1.709978491902884645e+00 0.000000000000000000e+00
1.062500000000000000e+00 3.000000000000000000e+00 2.000000000000000000e+00
6.794973249235758406e-01 1.398045583099694289e+00 0.000000000000000000e+00
4.062500000000000000e-01 2.930083956115206778e+00 0.000000000000000000e+00
9.567979685815870550e-01 1.268373133617230808e+00 0.000000000000000000e+00
1.661287930327188356e+00 2.672932522610159900e+00 0.000000000000000000e+00
2.125812975194249166e+00 2.343023525638217919e+00 0.000000000000000000e+00
9.645205277660126031e-01 2.726545655344267516e+00 0.000000000000000000e+00
-4.856528606612270926e-01 -5.020412445352480102e-01 0.000000000000000000e+00
4.453143218118693625e-02 2.134815489509890307e-01 0.000000000000000000e+00
6.250000000000000000e-01 3.000000000000000000e+00 2.000000000000000000e+00
3.656227375878874919e-01 2.137441878478399726e+00 0.000000000000000000e+00
2.461703044526631246e+00 2.591964923685523114e+00 0.000000000000000000e+00
2.317738364585205879e+00 2.774603253052861263e+00 0.000000000000000000e+00
1.948531453530601310e+00 2.988371581116157749e+00 0.000000000000000000e+00
2.011730449593167602e+00 2.737608095994805701e+00 0.000000000000000000e+00
1.860097165960034271e+00 -1.031320499733157536e+00 0.000000000000000000e+00
-3.782583855885242041e-01 -9.108777035332623617e-01 0.000000000000000000e+00
1.393653868036641263e+00 2.678430796462070607e+00 0.000000000000000000e+00
3.120007186994994131e-01 2.413426833054153953e+00 0.000000000000000000e+00
-6.783122795747115186e-01 6.317199637008974467e-01 0.000000000000000000e+00
1.875000000000000000e-01 3.000000000000000000e+00 2.000000000000000000e+00
5.923927158616717481e-01 2.392851508287433759e+00 0.000000000000000000e+00
5.944582173431079974e-01 2.162641923814161871e+00 0.000000000000000000e+00
9.309469682652806721e-01 2.438014770181521573e+00 0.000000000000000000e+00
-6.155137905055378944e-01 8.368346246732261129e-01 0.000000000000000000e+00
1.245733663572136773e+00 2.455321326863242781e+00 0.000000000000000000e+00
-1.263511512143323801e-01 2.443928250752845699e+00 0.000000000000000000e+00
7.226508403045207807e+00 -2.202686400960751634e-01 0.000000000000000000e+00
7.237449650968961201e+00 8.057060591058368137e-02 0.000000000000000000e+00
7.057244094488301478e+00 -6.349406758730126443e-02 0.000000000000000000e+00
4.826267986450829994e+00 -8.467037697905529514e-01 0.000000000000000000e+00
6.948976196537673289e+00 1.483599468069626004e-01 0.000000000000000000e+00
7.401454950927274012e+00 -7.601270127069675864e-02 0.000000000000000000e+00
7.931962813229492149e+00 -8.244414774599267970e-02 0.000000000000000000e+00
7.792600987090368747e+00 9.361640114536132207e-02 0.000000000000000000e+00
7.763774139627617643e+00 -2.730752386458595860e-01 0.000000000000000000e+00
6.750000000000000000e+00 -2.000000000000000000e+00 2.000000000000000000e+00
6.296061697169685445e+00 -2.919816832297385534e-01 0.000000000000000000e+00
5.995789075842126614e+00 -5.655522463722589821e-01 0.000000000000000000e+00
3.718920427172089482e+00 -1.023772832537870103e+00 0.000000000000000000e+00
4.152116513452113189e+00 -1.475260826112928969e+00 0.000000000000000000e+00
6.640104693738545727e+00 1.480070530035210163e-01 0.000000000000000000e+00
6.424789848912153545e+00 2.095069166789637893e-01 0.000000000000000000e+00
6.222179999383175009e+00 2.381470172789168227e-01 0.000000000000000000e+00
3.906030279709519881e+00 -4.812316204634272676e-01 0.000000000000000000e+00
3.114357136057052333e+00 1.121195853484163729e-01 0.000000000000000000e+00
8.084245219393064730e+00 1.038406615805221200e+00 0.000000000000000000e+00
1.025000000000000000e+01 3.000000000000000000e+00 2.000000000000000000e+00
9.064855375783219316e+00 8.904009202493483599e-01 0.000000000000000000e+00
-3.262446561810125045e-01 2.865475594864307363e-01 0.000000000000000000e+00
9.967909025026381542e+00 8.023888497055315927e-01 0.000000000000000000e+00
5.591207770477564232e-01 2.758706182710031651e+00 0.000000000000000000e+00
-1.406592578882954747e-01 6.761148287980892624e-01 0.000000000000000000e+00
-4.354945559811725930e-01 -2.539092388560260094e-01 0.000000000000000000e+00
-2.761992494510195906e-01 1.661043215581885280e+00 0.000000000000000000e+00
9.318854552272872738e+00 1.019236352573887894e+00 0.000000000000000000e+00
4.977838614521358451e+00 -1.676929115264303549e+00 0.000000000000000000e+00
2.579274023761082280e+00 -1.526123761619556429e+00 0.000000000000000000e+00
3.373969668856641846e+00 1.426528291107370672e-01 0.000000000000000000e+00
5.654586295674834062e+00 -7.606606014077607059e-01 0.000000000000000000e+00
5.979653195847098424e+00 2.126713765149764512e+00 0.000000000000000000e+00
-2.092100945446959126e-01 -1.155860929884297450e+00 0.000000000000000000e+00
8.937500000000000000e+00 -2.000000000000000000e+00 2.000000000000000000e+00
8.804314133663606157e+00 -1.226295037085656681e+00 0.000000000000000000e+00
6.232844534062933484e+00 2.486822875802799260e+00 0.000000000000000000e+00
5.875000000000000000e+00 3.000000000000000000e+00 2.000000000000000000e+00
5.803968380121561133e+00 2.387577372613479465e+00 0.000000000000000000e+00
5.605313190861989980e+00 1.728799817873647671e+00 0.000000000000000000e+00
6.037385180080962144e+00 2.355186113894828903e+00 0.000000000000000000e+00
6.218775531223276865e+00 2.195257729529355828e+00 0.000000000000000000e+00
5.763533505491289510e+00 2.170754174713322104e+00 0.000000000000000000e+00
5.795936856329625186e+00 1.903916639645392372e+00 0.000000000000000000e+00
5.435669507860628968e+00 1.875975582137144659e+00 0.000000000000000000e+00
4.809887283695006843e+00 2.170851966448614334e+00 0.000000000000000000e+00
4.793501117867648986e+00 2.610978285211864591e+00 0.000000000000000000e+00
4.382497736686922885e+00 1.814715848964734146e+00 0.000000000000000000e+00
4.125000000000000000e+00 3.000000000000000000e+00 2.000000000000000000e+00
4.523158115524656964e+00 2.399545664718242932e+00 0.000000000000000000e+00
4.333349146557595510e+00 2.235526059284950851e+00 0.000000000000000000e+00
4.147220210930411710e+00 1.798460126078700760e+00 0.000000000000000000e+00
4.180323290337850217e+00 2.604449138132360897e+00 0.000000000000000000e+00
4.617674997409529247e+00 2.223955059743629725e+00 0.000000000000000000e+00
3.925181181459089785e+00 1.795376724038509675e+00 0.000000000000000000e+00
4.562500000000000000e+00 3.000000000000000000e+00 2.000000000000000000e+00
4.379504999415853916e+00 2.548451312494419252e+00 0.000000000000000000e+00
4.349374294185886392e+00 2.823516805034524957e+00 0.000000000000000000e+00
4.567100076490544502e+00 2.708183505203097141e+00 0.000000000000000000e+00
9.952189722386730608e-01 2.247139274083279403e+00 0.000000000000000000e+00
2.976883352759204460e+00 2.825453045012918718e+00 0.000000000000000000e+00
3.034184809843167852e+00 2.592633223744037707e+00 0.000000000000000000e+00
3.212574057882296330e+00 2.781425579968940021e+00 0.000000000000000000e+00
3.667722688985057378e+00 2.717930418199225873e+00 0.000000000000000000e+00
3.687500000000000000e+00 3.000000000000000000e+00 2.000000000000000000e+00
3.599572613617579631e+00 2.443503819204790872e+00 0.000000000000000000e+00
3.727430873833395886e+00 2.211657734956105514e+00 0.000000000000000000e+00
3.900155233459790427e+00 2.487144803987453301e+00 0.000000000000000000e+00
3.953936876948348722e+00 2.110753338341093688e+00 0.000000000000000000e+00
2.706958545012757344e+00 2.735924804250473574e+00 0.000000000000000000e+00
2.593750000000000000e+00 2.934298408687029180e+00 0.000000000000000000e+00
4.117170464747454517e+00 2.362055545199476025e+00 0.000000000000000000e+00
1.721983757282035565e+00 2.906165647882996694e+00 0.000000000000000000e+00
6.375438456594097580e+00 -1.462007805870130905e+00 0.000000000000000000e+00
8.697206429442827513e+00 1.929246046845597862e+00 0.000000000000000000e+00
8.929887659021458646e+00 1.428635797823786246e+00 0.000000000000000000e+00
9.187935745704224999e+00 1.367829717224628983e+00 0.000000000000000000e+00
8.779763019243725708e+00 1.663238270441766975e+00 0.000000000000000000e+00
8.674390912395843145e+00 1.430475108198752565e+00 0.000000000000000000e+00
-7.320681950628602497e-01 1.071805014406356005e+00 0.000000000000000000e+00
-1.188517202109730109e+00 3.678026139898373237e-01 0.000000000000000000e+00
-9.818126690747462915e-01 1.846260956885507953e+00 0.000000000000000000e+00
-1.179819482604545500e-01 2.782947645037225914e+00 0.000000000000000000e+00
-1.219355883777844651e+00 6.836985251317357903e-01 0.000000000000000000e+00
-1.775348713289332858e+00 1.785325246373386410e+00 0.000000000000000000e+00
-8.462322617878579312e-01 2.524411126299619390e-01 0.000000000000000000e+00
-1.125000000000000000e+00 -2.000000000000000000e+00 2.000000000000000000e+00
-2.000000000000000000e+00 -1.687500000000000000e+00 2.000000000000000000e+00
-7.918755430714143895e-01 -8.518730231651061580e-03 0.000000000000000000e+00
-4.417279707025203450e-01 1.033289459453243797e+00 0.000000000000000000e+00
9.752370062244682947e-01 1.951514252604886535e+00 0.000000000000000000e+00
8.237090234321379212e-01 2.141551950195013099e+00 0.000000000000000000e+00
-3.790928772261786817e-01 1.457724163288822705e+00 0.000000000000000000e+00
-3.307103882001640183e-01 8.213927676107307674e-01 0.000000000000000000e+00
7.456428888267623289e-01 2.535574885950818036e+00 0.000000000000000000e+00
-2.000000000000000000e+00 1.750000000000000000e+00 2.000000000000000000e+00
-1.254799032030728734e+00 1.536364416082873774e-01 0.000000000000000000e+00
-8.752424685975305207e-01 -1.776681641914817478e+00 0.000000000000000000e+00
1.865461747218455368e-02 -5.025646089531152771e-01 0.000000000000000000e+00
9.398891912296820195e+00 -1.758241516645150160e+00 0.000000000000000000e+00
5.409135205886332898e+00 2.403569749457054705e+00 0.000000000000000000e+00
5.133842951803390342e+00 2.603814737375069299e+00 0.000000000000000000e+00
5.196089648186343446e+00 2.400034821383344230e+00 0.000000000000000000e+00
5.306929200961651105e+00 2.141635886215987661e+00 0.000000000000000000e+00
5.714620703373256561e+00 2.811306326755916185e+00 0.000000000000000000e+00
4.967056008615335472e+00 2.768169897393744527e+00 0.000000000000000000e+00
4.781250000000000000e+00 2.912829467878391032e+00 0.000000000000000000e+00
5.437500000000000000e+00 3.000000000000000000e+00 2.000000000000000000e+00
5.623084081873463091e+00 2.581202289344058265e+00 0.000000000000000000e+00
4.616962102464763795e+00 1.772390121588035772e+00 0.000000000000000000e+00
5.926829819794590115e+00 2.683657934613629781e+00 0.000000000000000000e+00
3.945033586002403947e+00 2.773184896784041786e+00 0.000000000000000000e+00
6.047547587590781148e+00 -1.301185657327092571e+00 0.000000000000000000e+00
6.498534746410371987e+00 -1.036962170464268862e+00 0.000000000000000000e+00
6.160824022351174101e+00 -4.378392621879818036e-01 0.000000000000000000e+00
5.782236513972758729e+00 -5.671876894032530370e-01 0.000000000000000000e+00
5.713323360773847170e+00 -1.270627982168026193e+00 0.000000000000000000e+00
6.419998311211545960e+00 -7.993533832190247157e-01 0.000000000000000000e+00
5.883514806211140424e+00 -7.969660138780787495e-01 0.000000000000000000e+00
6.687179232286888819e+00 -8.725262699489629847e-01 0.000000000000000000e+00
4.031180310101974307e+00 -7.456168068641770841e-01 0.000000000000000000e+00
4.881232360590207264e+00 -1.163929498664139528e+00 0.000000000000000000e+00
6.701357550132652108e+00 -4.683912449867578820e-01 0.000000000000000000e+00
4.560801593429181011e+00 -6.141881953911525471e-01 0.000000000000000000e+00
1.784644339785396383e+00 -8.238561169164211329e-01 0.000000000000000000e+00
6.198360048640966014e+00 -6.331715656102514522e-01 0.000000000000000000e+00
5.050683792063257904e+00 -1.384452951753531558e+00 0.000000000000000000e+00
5.875000000000000000e+00 -2.000000000000000000e+00 2.000000000000000000e+00
6.317702056895906360e+00 -1.172087756102158984e+00 0.000000000000000000e+00
4.813252422183885493e+00 -1.391531087822200474e+00 0.000000000000000000e+00
1.555257587421777332e+00 -1.094731739800983927e+00 0.000000000000000000e+00
5.731943446374518913e+00 -1.012796992200134083e+00 0.000000000000000000e+00
3.971212212010053921e+00 -1.131726085524575653e+00 0.000000000000000000e+00
4.130591713045753899e+00 -9.502625509910473944e-01 0.000000000000000000e+00
6.475525441289360806e+00 -5.279557897065133565e-01 0.000000000000000000e+00
8.531262164512414259e+00 -1.711131807024829588e+00 0.000000000000000000e+00
9.629049156680727251e+00 -1.839167361528044164e+00 0.000000000000000000e+00
8.631527460866252000e+00 -1.512499339053387848e+00 0.000000000000000000e+00
9.973525008418899773e+00 -1.533814151865200204e+00 0.000000000000000000e+00
9.319136437462054445e+00 -1.171558887928457082e+00 0.000000000000000000e+00
7.238393581661521914e+00 -5.971140644355574789e-01 0.000000000000000000e+00
8.486261570241747876e+00 1.860548883872891635e+00 0.000000000000000000e+00
9.113633813827187069e+00 1.630461771850958641e+00 0.000000000000000000e+00
8.865203772726278686e+00 2.724952391782750283e+00 0.000000000000000000e+00
7.667205017430039904e-01 -6.894838322397770503e-01 0.000000000000000000e+00
1.144173918436882431e+00 -1.184004447631028301e+00 0.000000000000000000e+00
-2.000000000000000000e+00 -7.500000000000000000e-01 2.000000000000000000e+00
4.167641169487664499e+00 -5.411838396881007984e-01 0.000000000000000000e+00
-7.966664461672361419e-01 1.304064555523277047e+00 0.000000000000000000e+00
-1.372355704193181758e+00 5.093089990390082811e-01 0.000000000000000000e+00
4.641201133535243217e-01 2.565626269939061732e+00 0.000000000000000000e+00
-9.339234572790409139e-01 8.252840523537176010e-01 0.000000000000000000e+00
-1.339292150649756374e+00 2.506876126778303071e+00 0.000000000000000000e+00
3.284956908605437542e-01 -1.015293148678003687e+00 0.000000000000000000e+00
4.158489116961133547e+00 -2.955608681499169998e-01 0.000000000000000000e+00
8.459849919604833790e-02 -1.209395143227421032e+00 0.000000000000000000e+00
3.479006203198531821e+00 -5.722048294438653038e-01 0.000000000000000000e+00
-1.261590390111136939e+00 1.363628692988298141e+00 0.000000000000000000e+00
-5.784428754602927159e-01 -7.999352131180630376e-01 0.000000000000000000e+00
-2.780848253914056656e-01 5.025937829258867451e-01 0.000000000000000000e+00
-2.991636196059289654e-01 -6.608169159251242597e-01 0.000000000000000000e+00
3.802344201030450899e-01 1.543637212803609327e+00 0.000000000000000000e+00
4.824019819749011395e-01 1.373279595906474748e+00 0.000000000000000000e+00
5.873181683551332855e-01 1.588934319757650870e+00 0.000000000000000000e+00
2.834743768046241175e-01 1.838338356469844559e+00 0.000000000000000000e+00
1.250478495962878411e-01 2.042682705653574349e+00 0.000000000000000000e+00
-5.523041728157074282e-02 1.739328838597678395e+00 0.000000000000000000e+00
-1.040778696144621929e+00 8.688521542151217414e-02 0.000000000000000000e+00
1.091297868501631130e-01 1.522715946934917630e+00 0.000000000000000000e+00
1.434572347607493414e-02 1.286276930605902757e+00 0.000000000000000000e+00
-1.170845678579180149e-01 1.981332907511374586e+00 0.000000000000000000e+00
-3.254485327394516236e-01 1.883529717998678743e+00 0.000000000000000000e+00
-2.334187744404859766e-01 -4.248814031491562893e-01 0.000000000000000000e+00
5.498948013886990616e+00 -1.126174745365456253e+00 0.000000000000000000e+00
-5.584035246063534519e-01 1.267346594048550878e+00 0.000000000000000000e+00
-5.775785302747558081e-01 2.303105345062678389e+00 0.000000000000000000e+00
-2.381964722823260439e-01 1.243897681053895310e+00 0.000000000000000000e+00
-2.837320025735154960e-01 2.590418659491649844e+00 0.000000000000000000e+00
6.922055996146105450e+00 -3.919695707082754277e-01 0.000000000000000000e+00
-3.412885192004567192e-01 2.355363145889934451e+00 0.000000000000000000e+00
6.150768805718559662e+00 -1.020125013489442845e+00 0.000000000000000000e+00
5.247038132033653213e+00 -1.065488685207424124e+00 0.000000000000000000e+00
5.320090972984218958e+00 -1.315430115974669523e+00 0.000000000000000000e+00
6.597459338620705438e+00 -1.266831334307343182e+00 0.000000000000000000e+00
4.567512413710105079e+00 -8.531402341041379733e-01 0.000000000000000000e+00
5.085095389944872757e+00 -8.446422902800683197e-01 0.000000000000000000e+00
4.354540858888071853e+00 -9.903784792613363752e-01 0.000000000000000000e+00
-1.503781248938264870e-01 1.003353507786242327e+00 0.000000000000000000e+00
-6.098844823666829118e-01 3.493781921408748437e-01 0.000000000000000000e+00
1.736139001377559277e+00 -1.199850910840596363e+00 0.000000000000000000e+00
1.339953028334267993e+00 -1.267150718247257668e+00 0.000000000000000000e+00
1.517004520242690280e+00 -1.465294835248820648e+00 0.000000000000000000e+00
9.601522458754769840e-01 -9.277312975603945189e-01 0.000000000000000000e+00
4.562500000000000000e+00 -2.000000000000000000e+00 2.000000000000000000e+00
2.152560121500567636e+00 -1.376286335943317285e+00 0.000000000000000000e+00
2.585762964854851020e+00 -1.120563873181779968e+00 0.000000000000000000e+00
2.699786251172289653e+00 -8.033472542178792253e-01 0.000000000000000000e+00
2.353814576528613145e+00 -9.218542200760482253e-01 0.000000000000000000e+00
1.147135913242890659e+00 -1.449097328223277970e+00 0.000000000000000000e+00
-2.000000000000000000e+00 5.000000000000000000e-01 2.000000000000000000e+00
3.397090549525851738e-02 -7.307430328483579540e-01 0.000000000000000000e+00
-5.254588155004146222e-01 -1.728341655439066815e-02 0.000000000000000000e+00
-4.796996070474393581e-02 -2.373063172279575306e-01 0.000000000000000000e+00
2.606174834297280696e-01 -5.387323223075414225e-01 0.000000000000000000e+00
-6.190251880982761135e-01 -1.751857426837599707e+00 0.000000000000000000e+00
-2.000000000000000000e+00 -1.250000000000000000e-01 2.000000000000000000e+00
-4.639876121831461031e-01 6.227415828524754948e-01 0.000000000000000000e+00
-5.172954154173753372e-01 -1.342320123929586106e+00 0.000000000000000000e+00
-2.359377826483007035e-02 4.545935090730269246e-01 0.000000000000000000e+00
-1.156533773827667089e-01 -1.475412340177707282e+00 0.000000000000000000e+00
-2.988120926942176570e-01 -1.355565416598142559e+00 0.000000000000000000e+00
-2.154742055719449101e-01 -1.729345158258670079e+00 0.000000000000000000e+00
4.306540260851883795e-01 -1.631299540367253220e+00 0.000000000000000000e+00
1.328465544531344023e+00 -1.539508445449560448e+00 0.000000000000000000e+00
7.079265303619606264e-01 -1.276439218800464070e+00 0.000000000000000000e+00
5.004234011042096864e-01 -1.184000188723315805e+00 0.000000000000000000e+00
8.809995854403288584e-01 -1.817764931891299174e+00 0.000000000000000000e+00
1.821567461228779661e-01 -1.731947205982660387e+00 0.000000000000000000e+00
8.387560457879269515e-01 -1.462143717471793058e+00 0.000000000000000000e+00
5.326292764843719718e-01 -1.422713373322487040e+00 0.000000000000000000e+00
9.398144956541034656e-01 -1.266357957193027461e+00 0.000000000000000000e+00
6.250000000000000000e-01 -2.000000000000000000e+00 2.000000000000000000e+00
2.255339277558187916e-01 -1.467373452832275937e+00 0.000000000000000000e+00
6.525738038796031759e-01 -1.699554598788448834e+00 0.000000000000000000e+00
2.964469510570196809e-01 -1.261146971870115374e+00 0.000000000000000000e+00
1.281250000000000000e+00 -1.904613992465188588e+00 0.000000000000000000e+00
9.156250000000000000e+00 -1.967446784635553225e+00 0.000000000000000000e+00
8.821518016893936220e+00 -1.733024479502825121e+00 0.000000000000000000e+00
9.863549345712254279e+00 -1.756730221864549524e+00 0.000000000000000000e+00
5.218750000000000000e+00 2.853199478087644625e+00 0.000000000000000000e+00
5.381519868770507031e+00 2.658635501074128271e+00 0.000000000000000000e+00
5.512574599372027429e+00 2.812416246457882796e+00 0.000000000000000000e+00
9.590758243137543104e+00 1.902851486741063081e+00 0.000000000000000000e+00
8.542815517075851517e+00 2.176698487431220741e+00 0.000000000000000000e+00
8.151618748167976491e+00 2.790588838889668466e+00 0.000000000000000000e+00
9.288784854326934237e+00 2.439444850227948880e+00 0.000000000000000000e+00
4.125000000000000000e+00 -2.000000000000000000e+00 2.000000000000000000e+00
3.806626029516731874e-02 2.582474586032848851e+00 0.000000000000000000e+00
-8.534073069190259986e-01 5.077949630978786377e-01 0.000000000000000000e+00
3.120192010029055329e-01 2.719930038042119858e+00 0.000000000000000000e+00
-9.324682949895451989e-01 1.029994163908336091e+00 0.000000000000000000e+00
3.344230867705480392e+00 -7.897723193456991364e-01 0.000000000000000000e+00
1.033860939489056330e-01 2.794887307878807015e+00 0.000000000000000000e+00
3.506282663505447594e+00 -9.472725598020559357e-01 0.000000000000000000e+00
4.362384108866076637e+00 -1.896185074116455704e-01 0.000000000000000000e+00
3.704536732263584486e+00 -6.932750293047398316e-01 0.000000000000000000e+00
4.008637776575129763e+00 2.034699402772900401e-01 0.000000000000000000e+00
7.364327648116640646e+00 -4.045321466397537868e-01 0.000000000000000000e+00
3.844191227627485663e+00 -1.337143974819234860e+00 0.000000000000000000e+00
3.520716807224742784e+00 -1.240922638273889600e+00 0.000000000000000000e+00
6.946083529200762108e+00 -7.013907631198825765e-01 0.000000000000000000e+00
4.478069522568472571e+00 -1.396956024351279302e+00 0.000000000000000000e+00
4.146498744375497481e+00 1.535674888190807254e-02 0.000000000000000000e+00
4.634556147866951470e+00 -1.099198055335627089e+00 0.000000000000000000e+00
3.260198774350953066e+00 -1.307905746791515611e+00 0.000000000000000000e+00
6.740701934787240113e+00 -6.720877910800994171e-01 0.000000000000000000e+00
7.606788575470352143e+00 -1.205493014084364489e+00 0.000000000000000000e+00
7.208404554280064325e+00 -9.748907361078207323e-01 0.000000000000000000e+00
7.138621025014419530e+00 -7.792724689598617971e-01 0.000000000000000000e+00
6.938453466801854930e+00 -9.712584442574048182e-01 0.000000000000000000e+00
6.745520406635587385e+00 -1.093161111780269312e+00 0.000000000000000000e+00
6.955766557715552523e+00 -1.422353888009716627e+00 0.000000000000000000e+00
7.070482331086710204e+00 -1.192071123468674498e+00 0.000000000000000000e+00
5.939856842980520746e+00 -1.102150951617173691e+00 0.000000000000000000e+00
2.891139077457460349e+00 -1.114995126800601533e+00 0.000000000000000000e+00
3.445011377621912896e+00 -1.656751436637865948e+00 0.000000000000000000e+00
3.036366910382858997e+00 -1.286639609565785047e+00 0.000000000000000000e+00
2.781092000367588302e+00 -1.355366234690780214e+00 0.000000000000000000e+00
3.059197952137793663e+00 -8.709011573008443863e-01 0.000000000000000000e+00
3.432968930576584921e+00 -1.439753167657605415e+00 0.000000000000000000e+00
3.124748033382489965e+00 -1.544982927915081294e+00 0.000000000000000000e+00
2.689020745387718847e+00 -4.822863376559992643e-01 0.000000000000000000e+00
2.812500000000000000e+00 -2.000000000000000000e+00 2.000000000000000000e+00
4.343750000000000000e+00 -1.861516848573001148e+00 0.000000000000000000e+00
4.607943298163117873e+00 -1.686205188934728483e+00 0.000000000000000000e+00
2.962804819593512828e+00 -4.795429583582453414e-01 0.000000000000000000e+00
4.781250000000000000e+00 -1.871491128901600298e+00 0.000000000000000000e+00
3.856043467642026545e+00 -1.723031129336384026e+00 0.000000000000000000e+00
4.439420411529874322e+00 -1.186644256142177722e+00 0.000000000000000000e+00
1.848031776158979733e+00 -1.515396893838487191e+00 0.000000000000000000e+00
2.330802644655147304e+00 -1.183443781731288835e+00 0.000000000000000000e+00
2.119473865654545541e+00 -1.033046315165400131e+00 0.000000000000000000e+00
2.380898008823572276e+00 -1.408541650678644785e+00 0.000000000000000000e+00
1.937500000000000000e+00 -2.000000000000000000e+00 2.000000000000000000e+00
2.143536980344606491e+00 -7.812239354643292222e-01 0.000000000000000000e+00
2.370955018621256460e+00 -6.687009020513039470e-01 0.000000000000000000e+00
4.117828836759406919e+00 -1.735070125684780917e+00 0.000000000000000000e+00
4.357799844180534343e+00 -1.613880645923901236e+00 0.000000000000000000e+00
3.943878109777784413e+00 -1.527207759257921627e+00 0.000000000000000000e+00
1.936590086129704735e+00 -1.306382459165066345e+00 0.000000000000000000e+00
2.206854197033704335e+00 -1.790336490578129158e+00 0.000000000000000000e+00
2.056042980029191281e+00 -1.567878011162547214e+00 0.000000000000000000e+00
2.571853569059141087e+00 -6.469260222671133764e-01 0.000000000000000000e+00
2.474089107859620551e+00 -1.761748019577742408e+00 0.000000000000000000e+00
2.593750000000000000e+00 -1.951246632364217248e+00 0.000000000000000000e+00
3.228981733541276267e+00 -1.761038161034088390e+00 0.000000000000000000e+00
2.952351568484843369e+00 -1.761324762173175573e+00 0.000000000000000000e+00
3.031250000000000000e+00 -1.967865813632554639e+00 0.000000000000000000e+00
2.901279214205209289e+00 -1.543766939050811970e+00 0.000000000000000000e+00
2.713189946400442309e+00 -1.727195010424791954e+00 0.000000000000000000e+00
1.645187111608037211e+00 -1.736994224944022003e+00 0.000000000000000000e+00
1.718750000000000000e+00 -1.949179873035726152e+00 0.000000000000000000e+00
1.890688543100168761e+00 -1.758081969771742470e+00 0.000000000000000000e+00
9.060002882566973170e+00 -1.182726855410551448e+00 0.000000000000000000e+00
8.997902791602243155e+00 -1.512046210631024623e+00 0.000000000000000000e+00
9.812500000000000000e+00 -2.000000000000000000e+00 2.000000000000000000e+00
-1.778428997567058412e+00 -1.478607602258460219e+00 0.000000000000000000e+00
-1.475924709515739730e+00 -1.400078481173711253e+00 0.000000000000000000e+00
-1.685105630717524505e+00 2.518391426972974578e+00 0.000000000000000000e+00
-1.576208374511142374e+00 2.747079346034608793e+00 0.000000000000000000e+00
-9.442457828215684579e-01 2.065453028301515559e+00 0.000000000000000000e+00
-1.781250000000000000e+00 2.885024488958200184e+00 0.000000000000000000e+00
-2.000000000000000000e+00 -1.375000000000000000e+00 2.000000000000000000e+00
-1.703455816362959396e+00 -5.884658324952173336e-01 0.000000000000000000e+00
-1.198284192108063362e+00 -4.662634650744980069e-01 0.000000000000000000e+00
-1.015416566131365661e+00 -2.193351604657125531e-01 0.000000000000000000e+00
-1.303241220049166316e+00 -1.973582022370912736e-01 0.000000000000000000e+00
-1.433299393212488893e+00 -8.446118039545131850e-01 0.000000000000000000e+00
-1.423716064815525151e+00 -3.993166545308345361e-01 0.000000000000000000e+00
-1.648224523263269736e+00 -1.284771655360859022e-01 0.000000000000000000e+00
-1.367568912118318991e+00 -6.232757115150265870e-01 0.000000000000000000e+00
-1.010481158003412316e+00 -8.497486301382741747e-01 0.000000000000000000e+00
-8.967106086744458526e-01 -4.984224642168239572e-01 0.000000000000000000e+00
-8.055824161179567788e-01 -2.179095715947934053e-01 0.000000000000000000e+00
-1.443048724817441730e+00 7.773689059497324028e-04 0.000000000000000000e+00
-1.476425584494621468e+00 2.342283798299729936e-01 0.000000000000000000e+00
-1.739025650724207228e+00 2.199719720268059620e-01 0.000000000000000000e+00
-1.653323450568085162e+00 -3.611751037120171648e-01 0.000000000000000000e+00
-1.977957946654698818e+00 -4.375000000000000000e-01 0.000000000000000000e+00
-1.822739877384933926e+00 1.210183700461381351e-02 0.000000000000000000e+00
-1.064127381844600873e+00 -6.382919441871141020e-01 0.000000000000000000e+00
-6.920701178727000080e-01 -6.011434233112267211e-01 0.000000000000000000e+00
-2.000000000000000000e+00 1.875000000000000000e-01 2.000000000000000000e+00
-1.845779033912659406e+00 -2.711494537484080425e-01 0.000000000000000000e+00
-1.731971749187844356e+00 -8.890810942080004109e-01 0.000000000000000000e+00
-1.992058654066093837e+00 -1.062500000000000000e+00 0.000000000000000000e+00
-1.562500000000000000e+00 -2.000000000000000000e+00 2.000000000000000000e+00
-1.552065931531164011e+00 -1.072163562289347505e+00 0.000000000000000000e+00
-1.768856388297434856e+00 -1.234196862894051394e+00 0.000000000000000000e+00
-8.689651720789876022e-01 -1.201242295868740761e+00 0.000000000000000000e+00
-5.437820393458717705e-01 2.562461163240749684e+00 0.000000000000000000e+00
-6.875000000000000000e-01 3.000000000000000000e+00 2.000000000000000000e+00
7.758282058515274748e+00 -9.799094186694294883e-01 0.000000000000000000e+00
7.938598399853280085e+00 -7.053641138762372087e-01 0.000000000000000000e+00
7.809125434573641833e+00 -5.168172335781850979e-01 0.000000000000000000e+00
7.632300157560854004e+00 -7.317405675044557078e-01 0.000000000000000000e+00
7.450581411855125680e+00 -6.198522417171147270e-01 0.000000000000000000e+00
7.483471500494863982e+00 -9.633543493798168988e-01 0.000000000000000000e+00
8.312084496398522759e+00 -1.833537493989424672e+00 0.000000000000000000e+00
3.639550327234597926e+00 -1.757965504212848362e+00 0.000000000000000000e+00
8.062500000000000000e+00 -1.806526726532485139e+00 0.000000000000000000e+00
8.265303651027959830e+00 -1.092415195477737466e+00 0.000000000000000000e+00
7.664621510577458885e+00 -1.734609666222739266e+00 0.000000000000000000e+00
7.406250000000000000e+00 -1.965385334675392448e+00 0.000000000000000000e+00
7.625000000000000000e+00 -2.000000000000000000e+00 2.000000000000000000e+00
7.929240103178347709e+00 -1.361030326767322496e+00 0.000000000000000000e+00
8.016736516759465303e+00 -1.013883065553441654e+00 0.000000000000000000e+00
7.087283919627031636e+00 -1.704898399435553102e+00 0.000000000000000000e+00
8.211614567219204019e+00 -1.595289375589895142e+00 0.000000000000000000e+00
6.719069749046731488e+00 -1.800203244263073099e+00 0.000000000000000000e+00
8.215232987274404763e+00 -8.182530601191055908e-01 0.000000000000000000e+00
7.840787001406386736e+00 -1.896563151596316388e+00 0.000000000000000000e+00
7.590448591605005291e+00 -1.476733200732087248e+00 0.000000000000000000e+00
7.347485820263719880e+00 -8.030492285528513241e-01 0.000000000000000000e+00
8.421161762663272654e+00 -1.232827630435764821e+00 0.000000000000000000e+00
7.187500000000000000e+00 -2.000000000000000000e+00 2.000000000000000000e+00
3.418797379559704197e+00 -1.868878992942229811e+00 0.000000000000000000e+00
6.715037950652489762e+00 -1.486454775843805587e+00 0.000000000000000000e+00
6.968750000000000000e+00 -1.909719767436148796e+00 0.000000000000000000e+00
7.396458772120901415e+00 -1.744130121376012532e+00 0.000000000000000000e+00
6.874383671029336895e+00 -1.641307256374147761e+00 0.000000000000000000e+00
7.274161022476185678e+00 -1.437248346639930618e+00 0.000000000000000000e+00
5.826432420130337242e+00 -1.503071239043956453e+00 0.000000000000000000e+00
6.022268927075208111e+00 -1.754853626465798344e+00 0.000000000000000000e+00
6.153137783754267787e+00 -1.500573812696854192e+00 0.000000000000000000e+00
6.306856564914782304e+00 -1.726662178689132743e+00 0.000000000000000000e+00
5.700130361638481524e+00 -1.798818138415675838e+00 0.000000000000000000e+00
5.294708401625961791e+00 -1.581617386645299606e+00 0.000000000000000000e+00
5.564554209311656230e+00 -1.569312934179528440e+00 0.000000000000000000e+00
5.437500000000000000e+00 -2.000000000000000000e+00 2.000000000000000000e+00
6.312500000000000000e+00 -2.000000000000000000e+00 2.000000000000000000e+00
5.524686408635442803e+00 -1.363063576939266053e+00 0.000000000000000000e+00
2.905016187404520611e+00 -7.013266477182934500e-01 0.000000000000000000e+00
3.675430897641265737e+00 -1.535452917854759569e+00 0.000000000000000000e+00
3.604639783849890922e+00 -1.974462488838649721e+00 0.000000000000000000e+00
1.424889468536168602e+00 -1.737583749214056228e+00 0.000000000000000000e+00
-4.255959851036968944e-01 -1.582008435349526954e+00 0.000000000000000000e+00
-7.275448626432506893e-01 -9.978082171481467144e-01 0.000000000000000000e+00
-1.216237110281565670e+00 -1.166982130246882354e+00 0.000000000000000000e+00
-7.997563052223872759e-01 -7.914314681650367334e-01 0.000000000000000000e+00
-1.561069038391849517e+00 -1.693998859586005379e+00 0.000000000000000000e+00
-1.085229885268836014e+00 -1.574138786171475957e+00 0.000000000000000000e+00
-1.030560841977395725e+00 -1.062067909861106330e+00 0.000000000000000000e+00
-1.410256949699804752e+00 -1.212033168847997722e+00 0.000000000000000000e+00
-1.782799862289314641e+00 -1.843750000000000000e+00 0.000000000000000000e+00
-1.343750000000000000e+00 -1.848019030653962780e+00 0.000000000000000000e+00
-1.241692246055257298e+00 -1.399827456622213750e+00 0.000000000000000000e+00
-1.340461194272856371e+00 -1.613052346622731115e+00 0.000000000000000000e+00
-2.000000000000000000e+00 2.062500000000000000e+00 2.000000000000000000e+00
-1.225359329525185004e+00 1.977920170174861436e+00 0.000000000000000000e+00
-1.398265348209385195e+00 1.527215434571975505e+00 0.000000000000000000e+00
-1.298684481819277758e+00 1.153712770406253973e+00 0.000000000000000000e+00
-5.954185387448349687e-01 1.694895246774155595e+00 0.000000000000000000e+00
-5.742452583179394887e-01 1.994872940539894834e+00 0.000000000000000000e+00
-7.566224627822831783e-01 1.530673951495296059e+00 0.000000000000000000e+00
-1.850117278125213760e+00 1.281250000000000000e+00 0.000000000000000000e+00
-1.424367201480057910e+00 1.996518005419491537e+00 0.000000000000000000e+00
-7.548072089364110671e-01 1.856881435418258564e+00 0.000000000000000000e+00
-1.651611955168537982e+00 1.194794638254990549e+00 0.000000000000000000e+00
-1.168934247675306626e+00 9.339102740296422178e-01 0.000000000000000000e+00
3.865007997001992379e+00 -1.983398357262362355e+00 0.000000000000000000e+00
-7.844503628607031320e-01 -1.499418018067711911e+00 0.000000000000000000e+00
-6.875000000000000000e-01 -2.000000000000000000e+00 2.000000000000000000e+00
7.349423977252976137e+00 -1.190689708783348788e+00 0.000000000000000000e+00
8.185511321756917980e+00 -1.337118853435937726e+00 0.000000000000000000e+00
7.891690500024965971e+00 -1.614941418874600965e+00 0.000000000000000000e+00
1.158872237964218144e+01 1.674255331949437986e+00 0.000000000000000000e+00
1.074336653582764001e+01 2.208157834753526227e+00 0.000000000000000000e+00
1.046634744606717327e+01 1.125565086806431969e+00 0.000000000000000000e+00
1.037690017624422190e+01 -9.086507894441634425e-01 0.000000000000000000e+00
1.902232489919072123e+00 1.538774114795609993e+00 0.000000000000000000e+00
7.674323009001085438e+00 2.352940181108164275e+00 0.000000000000000000e+00
7.408588647691945361e+00 2.592840472776575034e+00 0.000000000000000000e+00
7.204294479615750646e+00 2.962518557474136394e+00 0.000000000000000000e+00
7.068747295564178579e+00 2.562487365801172867e+00 0.000000000000000000e+00
7.867328557213122409e+00 2.453858194472893661e+00 0.000000000000000000e+00
6.319149990660507754e+00 2.736197155430883932e+00 0.000000000000000000e+00
8.087493631083518153e+00 2.394798180894081696e+00 0.000000000000000000e+00
6.312500000000000000e+00 3.000000000000000000e+00 2.000000000000000000e+00
6.526696539346866111e+00 2.524745993275990585e+00 0.000000000000000000e+00
7.716789583431567401e+00 2.667478462967845854e+00 0.000000000000000000e+00
6.093750000000000000e+00 2.873423273166484826e+00 0.000000000000000000e+00
6.408071381595994431e+00 2.326979454671906034e+00 0.000000000000000000e+00
6.531250000000000000e+00 2.873529050883513847e+00 0.000000000000000000e+00
6.727829882171459275e+00 2.576226833211058498e+00 0.000000000000000000e+00
7.224831594791302436e+00 2.732579625828055470e+00 0.000000000000000000e+00
8.239975763898856442e+00 2.574257518518006993e+00 0.000000000000000000e+00
8.161606709812653904e+00 2.171272553169604880e+00 0.000000000000000000e+00
8.379027039832326551e+00 2.781608050789140751e+00 0.000000000000000000e+00
8.368778391046920007e+00 2.355978943256909819e+00 0.000000000000000000e+00
7.356962729369588061e+00 2.357433911331267673e+00 0.000000000000000000e+00
8.062500000000000000e+00 3.000000000000000000e+00 2.000000000000000000e+00
7.678323456680094417e+00 2.119545952061012262e+00 0.000000000000000000e+00
7.446716036437252662e+00 2.833667889780987270e+00 0.000000000000000000e+00
7.909814638038064949e+00 2.240245179892205840e+00 0.000000000000000000e+00
9.443364771459366480e+00 1.594670152494212179e+00 0.000000000000000000e+00
8.896075713875264412e+00 1.845151159933024365e+00 0.000000000000000000e+00
8.794295539100417614e+00 2.161712165067909197e+00 0.000000000000000000e+00
6.906750919277961032e+00 2.779332909239796479e+00 0.000000000000000000e+00
7.981655478092284817e+00 2.639236030862259330e+00 0.000000000000000000e+00
8.490475307704393515e+00 2.535713624948785494e+00 0.000000000000000000e+00
9.306113777601675352e+00 2.133541267128745922e+00 0.000000000000000000e+00
8.985472955263983152e+00 2.075980370415826837e+00 0.000000000000000000e+00
8.626097361562562682e+00 2.787450400295376163e+00 0.000000000000000000e+00
9.977072738792932327e+00 1.528751867464114511e+00 0.000000000000000000e+00
9.726593185957497667e+00 1.342146259544771292e+00 0.000000000000000000e+00
9.347339711403533258e+00 1.829933434362597700e+00 0.000000000000000000e+00
9.375000000000000000e+00 3.000000000000000000e+00 2.000000000000000000e+00
9.721259129600181126e+00 1.651099497808404148e+00 0.000000000000000000e+00
9.986293061958813055e+00 1.254964103843075218e+00 0.000000000000000000e+00
9.798335590916321891e+00 1.125463348803941166e+00 0.000000000000000000e+00
9.540944183145880331e+00 1.419019195006471445e+00 0.000000000000000000e+00
7.843750000000000000e+00 2.881454359063315707e+00 0.000000000000000000e+00
9.057098569926919751e+00 2.272877593325141721e+00 0.000000000000000000e+00
8.830348373113977800e+00 2.442705988117602089e+00 0.000000000000000000e+00
9.060112809630552988e+00 2.517857247954867095e+00 0.000000000000000000e+00
8.937500000000000000e+00 3.000000000000000000e+00 2.000000000000000000e+00
9.812500000000000000e+00 3.000000000000000000e+00 2.000000000000000000e+00
9.549906896282722712e+00 2.767021137798209907e+00 0.000000000000000000e+00
9.576129104179972984e+00 2.476876400790816835e+00 0.000000000000000000e+00
9.593750000000000000e+00 2.982080336822203748e+00 0.000000000000000000e+00
8.628476386262803999e+00 2.372509704629963245e+00 0.000000000000000000e+00
9.587650686407657830e+00 2.189971160321517285e+00 0.000000000000000000e+00
1.010952506831516295e+01 2.052042863066958933e+00 0.000000000000000000e+00
9.908191589106492003e+00 2.346527451266907871e+00 0.000000000000000000e+00
9.829560220463140041e+00 2.049012744523619034e+00 0.000000000000000000e+00
9.950753390964042211e+00 1.802332362612598216e+00 0.000000000000000000e+00
9.866889318380440699e+00 2.674221929913946472e+00 0.000000000000000000e+00
9.775342619082040940e+00 2.496233392387309458e+00 0.000000000000000000e+00
1.029284532671151453e+01 2.561458894569172973e+00 0.000000000000000000e+00
1.003125000000000000e+01 2.869091522813506767e+00 0.000000000000000000e+00
1.008928033280368375e+01 2.653397527775856801e+00 0.000000000000000000e+00
1.017816319780609113e+01 2.315035657219499221e+00 0.000000000000000000e+00
1.194803797607518803e+01 8.125000000000000000e-01 0.000000000000000000e+00
1.053968193695460798e+01 1.374855277613636462e+00 0.000000000000000000e+00
1.051201238663807302e+01 2.309564036827627564e+00 0.000000000000000000e+00
1.046170261029215531e+01 1.622731802116628153e+00 0.000000000000000000e+00
1.023192794375687420e+01 1.798885709024641955e+00 0.000000000000000000e+00
1.097704477486438357e+01 1.754419495517832939e+00 0.000000000000000000e+00
1.026161993313552756e+01 1.321222048545534378e+00 0.000000000000000000e+00
1.047884763515916617e+01 1.883031396525732371e+00 0.000000000000000000e+00
1.073946182975626229e+01 1.541022486227642929e+00 0.000000000000000000e+00
1.118160224503957778e+01 4.062518985621805800e-01 0.000000000000000000e+00
1.017314389486617721e+01 1.599057680125173242e+00 0.000000000000000000e+00
1.159347300571634953e+01 9.833765854595384326e-01 0.000000000000000000e+00
1.180319363666151844e+01 5.307617894743767994e-01 0.000000000000000000e+00
1.139582916906240939e+01 2.045306197812203131e+00 0.000000000000000000e+00
1.065443246568138491e+01 1.746529024866220858e+00 0.000000000000000000e+00
1.200000000000000000e+01 5.000000000000000000e-01 2.000000000000000000e+00
1.034871253597254181e+01 2.121499970138382984e+00 0.000000000000000000e+00
1.072931359005619534e+01 1.955946663546804576e+00 0.000000000000000000e+00
1.200000000000000000e+01 1.125000000000000000e+00 2.000000000000000000e+00
1.106671826742367770e+01 8.071118980199275539e-01 0.000000000000000000e+00
1.200000000000000000e+01 1.750000000000000000e+00 2.000000000000000000e+00
1.087358700037686354e+01 7.235628004325259655e-01 0.000000000000000000e+00
1.159699509651933802e+01 5.529012859314778039e-01 0.000000000000000000e+00
1.134375000000000000e+01 2.792563903729946784e+00 0.000000000000000000e+00
1.042031986923124620e+01 2.795276657006009469e+00 0.000000000000000000e+00
1.080833402729767911e+01 2.452262699961927694e+00 0.000000000000000000e+00
1.124196741301850011e+01 2.360629435931997477e+00 0.000000000000000000e+00
1.166213260763731618e+01 3.275325813895748617e-01 0.000000000000000000e+00
1.139637463495761516e+01 6.006578625419756179e-01 0.000000000000000000e+00
1.030464932222681895e+01 -2.407532620191140948e-01 0.000000000000000000e+00
1.068750000000000000e+01 3.000000000000000000e+00 2.000000000000000000e+00
1.054618120772219214e+01 2.560586587989761576e+00 0.000000000000000000e+00
1.112500000000000000e+01 3.000000000000000000e+00 2.000000000000000000e+00
1.077006095124160190e+01 2.731016431130953048e+00 0.000000000000000000e+00
1.083370238098226679e+01 1.152930729410062360e+00 0.000000000000000000e+00
1.106994368233567982e+01 2.666423517878055094e+00 0.000000000000000000e+00
1.090625000000000000e+01 2.919980140414813796e+00 0.000000000000000000e+00
1.128575185028521233e+01 1.589681879664909703e+00 0.000000000000000000e+00
1.121407677612070231e+01 1.860070313873142700e+00 0.000000000000000000e+00
1.067566688539862518e+01 7.950314376503877511e-01 0.000000000000000000e+00
1.106718048046694847e+01 1.415114477479290978e+00 0.000000000000000000e+00
1.086165101860077264e+01 5.134731282498647964e-01 0.000000000000000000e+00
1.118084520774095658e+01 6.229274521232284201e-01 0.000000000000000000e+00
1.156250000000000000e+01 3.000000000000000000e+00 2.000000000000000000e+00
1.105402784465235655e+01 2.064351014318786426e+00 0.000000000000000000e+00
1.179648143761302137e+01 1.239458392328286029e+00 0.000000000000000000e+00
1.031943613717818842e+01 5.724732974233615046e-01 0.000000000000000000e+00
1.185034744363839287e+01 1.875000000000000000e-01 0.000000000000000000e+00
1.058979610868697741e+01 5.361039287196469605e-01 0.000000000000000000e+00
1.040102334370033610e+01 1.558945033374125599e-01 0.000000000000000000e+00
1.070228947885247983e+01 2.432840797851366088e-01 0.000000000000000000e+00
1.043090487603264194e+01 3.780256680495501231e-01 0.000000000000000000e+00
1.011590735107453121e+01 3.266246984101008888e-01 0.000000000000000000e+00
1.095927448418841976e+01 2.738019154816814238e-01 0.000000000000000000e+00
1.153517674387192926e+01 -3.961019880182886643e-02 0.000000000000000000e+00
1.068640777962785648e+01 -2.490206650592440840e-01 0.000000000000000000e+00
1.087075208207524035e+01 -7.803776800436629246e-02 0.000000000000000000e+00
1.200000000000000000e+01 -1.250000000000000000e-01 2.000000000000000000e+00
1.200000000000000000e+01 -7.500000000000000000e-01 2.000000000000000000e+00
1.010945261636501336e+01 5.391395336971500640e-01 0.000000000000000000e+00
1.018744904596849743e+01 1.226638055426909901e-01 0.000000000000000000e+00
1.061210974506276550e+01 -8.817053533821783695e-03 0.000000000000000000e+00
1.137504710639931460e+01 1.253760072282953386e+00 0.000000000000000000e+00
1.103318397968576470e+01 2.444461624461698346e+00 0.000000000000000000e+00
1.123078710078169884e+01 2.159974022500431357e+00 0.000000000000000000e+00
1.127538876668863388e+01 2.580713349100442144e+00 0.000000000000000000e+00
1.153281789272868885e+01 2.307349738623966307e+00 0.000000000000000000e+00
1.181743024837766853e+01 9.947873370770087265e-01 0.000000000000000000e+00
1.200000000000000000e+01 1.437500000000000000e+00 2.000000000000000000e+00
1.085978574592085266e+01 1.364752691222177017e+00 0.000000000000000000e+00
1.178261065941824270e+01 1.775930575227677943e+00 0.000000000000000000e+00
1.111696905407736935e+01 1.135727549695435545e+00 0.000000000000000000e+00
1.148449294514923480e+01 1.462682340439302564e+00 0.000000000000000000e+00
1.095104067024579209e+01 2.249330382671393291e+00 0.000000000000000000e+00
1.200000000000000000e+01 2.375000000000000000e+00 2.000000000000000000e+00
1.192703434646792182e+01 2.062500000000000000e+00 0.000000000000000000e+00
1.156895663995944901e+01 1.186989398978509858e+00 0.000000000000000000e+00
1.174306081922218858e+01 1.466761639865973299e+00 0.000000000000000000e+00
1.131607955171692126e+01 9.371303348416661905e-01 0.000000000000000000e+00
1.166445573953369319e+01 2.572121725400181802e+00 0.000000000000000000e+00
1.146833453706965500e+01 2.504518686048457177e+00 0.000000000000000000e+00
1.166079359795459069e+01 2.073619144937529413e+00 0.000000000000000000e+00
1.176404513900746984e+01 2.357498952614926147e+00 0.000000000000000000e+00
1.156793594009167947e+01 2.775209035450469930e+00 0.000000000000000000e+00
1.183994822902952215e+01 2.780006518759044365e+00 0.000000000000000000e+00
1.188522303490479892e+01 2.563770216633068255e+00 0.000000000000000000e+00
1.065919525200565587e+01 1.016145770708893004e+00 0.000000000000000000e+00
1.039457980043173357e+01 8.485708260600856034e-01 0.000000000000000000e+00
1.018269933569061259e+01 1.043994320902337458e+00 0.000000000000000000e+00
1.018873000539803542e+01 7.563211772849856018e-01 0.000000000000000000e+00
9.975150611197205919e+00 1.012229371276761603e+00 0.000000000000000000e+00
1.190047288439529360e+01 -5.187131841257212050e-01 0.000000000000000000e+00
1.062140453281157448e+01 -4.919044867383196573e-01 0.000000000000000000e+00
1.177526047024284850e+01 -4.054168425882012650e-02 0.000000000000000000e+00
1.142854905148937661e+01 3.492735712203706711e-01 0.000000000000000000e+00
1.170864809218370972e+01 7.690668740729382780e-01 0.000000000000000000e+00
1.165355281867943482e+01 -4.694210033590842657e-01 0.000000000000000000e+00
1.119019850017157935e+01 1.390000578031926337e-01 0.000000000000000000e+00
1.181245600842611765e+01 -2.828058559595922894e-01 0.000000000000000000e+00
1.140641027098545202e+01 1.341433981167844125e-01 0.000000000000000000e+00
9.968616335978298437e+00 -3.720407903693578322e-01 0.000000000000000000e+00
9.737240267507095481e+00 -6.822304856513399240e-01 0.000000000000000000e+00
1.029377961657230500e+01 -5.797857973135891463e-01 0.000000000000000000e+00
1.050217468534387777e+01 -7.020508345100147096e-01 0.000000000000000000e+00
1.059627792285975367e+01 -1.452254080359471899e+00 0.000000000000000000e+00
1.098324271457969026e+01 -8.360957324660731604e-01 0.000000000000000000e+00
1.075941817805979461e+01 -7.091053487084282292e-01 0.000000000000000000e+00
1.106169406830359492e+01 -4.370786829472290136e-01 0.000000000000000000e+00
1.083590592853898649e+01 -4.191713620122041739e-01 0.000000000000000000e+00
1.042498963826706593e+01 -4.143020012492015791e-01 0.000000000000000000e+00
1.017566808143000046e+01 -4.063085149196663526e-01 0.000000000000000000e+00
1.004964111588750697e+01 -8.164286018724014049e-01 0.000000000000000000e+00
9.955895429545584818e+00 -6.039406691740908384e-01 0.000000000000000000e+00
9.759761057959620345e+00 -1.060523412698461287e+00 0.000000000000000000e+00
9.843440701036225704e+00 -8.657249145866164897e-01 0.000000000000000000e+00
1.011986496108070810e+01 -1.193998507307389545e+00 0.000000000000000000e+00
1.017794951428215988e+01 -9.878800362273700841e-01 0.000000000000000000e+00
9.582882492671121355e+00 -1.599605284715733156e+00 0.000000000000000000e+00
9.241644780992917418e+00 -1.368753410147697025e+00 0.000000000000000000e+00
1.009568997566904258e+01 -2.016029952783953139e-01 0.000000000000000000e+00
9.817667950083535544e+00 -2.012888884311529181e-01 0.000000000000000000e+00
9.767449423057010804e+00 -4.633754061636985444e-01 0.000000000000000000e+00
1.134414880826586547e+01 -6.998332875339702275e-01 0.000000000000000000e+00
1.124593638601824352e+01 -1.758052019693931989e-01 0.000000000000000000e+00
1.108026471206039432e+01 -4.280125238885199024e-02 0.000000000000000000e+00
1.133065580666575833e+01 -4.311446796516704150e-01 0.000000000000000000e+00
1.151264258621064407e+01 -2.770230684914201102e-01 0.000000000000000000e+00
9.517568364610157872e+00 -1.097293103721361351e+00 0.000000000000000000e+00
1.090625000000000000e+01 -1.835358353054468594e+00 0.000000000000000000e+00
1.070644718768449088e+01 -1.063212458213679490e+00 0.000000000000000000e+00
9.887933410176955817e+00 -1.267227492864990701e+00 0.000000000000000000e+00
1.112144028370843074e+01 -6.560462231504993191e-01 0.000000000000000000e+00
1.092811460461060058e+01 -5.985531623574694704e-01 0.000000000000000000e+00
1.124388934609856783e+01 -9.803660517340777591e-01 0.000000000000000000e+00
1.200000000000000000e+01 -1.062500000000000000e+00 2.000000000000000000e+00
1.153975285190111144e+01 -9.279223386185360134e-01 0.000000000000000000e+00
1.200000000000000000e+01 -1.375000000000000000e+00 2.000000000000000000e+00
1.112500000000000000e+01 -2.000000000000000000e+00 2.000000000000000000e+00
1.158086048799150447e+01 -6.947520126154387299e-01 0.000000000000000000e+00
1.178125000000000000e+01 -1.906008176109537100e+00 0.000000000000000000e+00
1.115569081847981003e+01 -1.282301373060537264e+00 0.000000000000000000e+00
1.156250000000000000e+01 -2.000000000000000000e+00 2.000000000000000000e+00
1.177374406249771610e+01 -8.489659202839614505e-01 0.000000000000000000e+00
1.091661137543304783e+01 -1.037118482484322701e+00 0.000000000000000000e+00
1.068750000000000000e+01 -2.000000000000000000e+00 2.000000000000000000e+00
1.141966854116978425e+01 -1.111246760547327739e+00 0.000000000000000000e+00
1.200000000000000000e+01 -1.687500000000000000e+00 2.000000000000000000e+00
1.180719222763365117e+01 -1.218750000000000000e+00 0.000000000000000000e+00
1.171293439399110170e+01 -1.531548597813620960e+00 0.000000000000000000e+00
-1.506550148720435356e+00 7.221830434924415565e-01 0.000000000000000000e+00
1.146215813968179731e+01 -1.544483079228920364e+00 0.000000000000000000e+00
1.123207635902386414e+01 -1.645073360788133154e+00 0.000000000000000000e+00
1.159864640282715520e+01 -1.753227445132776730e+00 0.000000000000000000e+00
1.065625272793007028e+01 -1.723734886137648026e+00 0.000000000000000000e+00
1.042662126940395417e+01 -1.211878316506086684e+00 0.000000000000000000e+00
1.025275920865784052e+01 -1.554372115368989338e+00 0.000000000000000000e+00
1.046875000000000000e+01 -1.884842275723784155e+00 0.000000000000000000e+00
1.087363952200574957e+01 -1.550409218936598776e+00 0.000000000000000000e+00
9.718610451248920867e+00 -1.417999917034856505e+00 0.000000000000000000e+00
1.026495200794510687e+01 -1.345185425739186647e+00 0.000000000000000000e+00
8.718750000000000000e+00 -1.936350660019764858e+00 0.000000000000000000e+00
9.500855957255312845e+00 -1.354868556715351779e+00 0.000000000000000000e+00
1.084121406501398965e+01 -1.289250478630801222e+00 0.000000000000000000e+00
1.157094171998430454e+01 -1.318159940351218751e+00 0.000000000000000000e+00
1.108204250007659297e+01 -1.487236710044810506e+00 0.000000000000000000e+00
5.850186476674616998e+00 1.639694067597864402e+00 0.000000000000000000e+00
1.174663154219420802e+00 2.663030464063572467e+00 0.000000000000000000e+00
8.437500000000000000e-01 2.924098414782478006e+00 0.000000000000000000e+00
1.281250000000000000e+00 2.893973336122695805e+00 0.000000000000000000e+00
-3.124999999999997224e-02 -1.890375065166297830e+00 0.000000000000000000e+00
-1.620357677467378077e-02 -1.661092153979370822e+00 0.000000000000000000e+00
4.062500000000000000e-01 -1.879734320088858546e+00 0.000000000000000000e+00
-4.387988211377208958e-01 2.809369248052860701e+00 0.000000000000000000e+00
-7.875233344668580715e-01 2.462343026991411943e+00 0.000000000000000000e+00
-7.570029082801627007e-01 2.734797578106162419e+00 0.000000000000000000e+00
-2.000000000000000000e+00 2.375000000000000000e+00 2.000000000000000000e+00
-9.062500000000000000e-01 2.915620196554799204e+00 0.000000000000000000e+00
-1.097073952172380462e+00 2.746658169021257034e+00 0.000000000000000000e+00
-2.000000000000000000e+00 1.125000000000000000e+00 2.000000000000000000e+00
-1.556278847147540834e+00 1.846353661072739349e+00 0.000000000000000000e+00
-7.374440695374524513e-01 2.147242309366663271e+00 0.000000000000000000e+00
-1.066022658728156269e+00 2.485457236580231655e+00 0.000000000000000000e+00
-1.201784684240849499e+00 1.702069920292338168e+00 0.000000000000000000e+00
-2.000000000000000000e+00 1.437500000000000000e+00 2.000000000000000000e+00
-1.099610264730605635e+00 2.224570321125193040e+00 0.000000000000000000e+00
-9.423665973651089711e-01 1.636271244593834551e+00 0.000000000000000000e+00
-1.292612159184592491e+00 2.303608472931122364e+00 0.000000000000000000e+00
-1.782128000025211323e+00 5.666848320592157151e-01 0.000000000000000000e+00
-1.514874514378900194e+00 2.217159071198798515e+00 0.000000000000000000e+00
-1.395841490045058420e+00 9.481633537812792500e-01 0.000000000000000000e+00
-1.562500000000000000e+00 3.000000000000000000e+00 2.000000000000000000e+00
-2.000000000000000000e+00 8.125000000000000000e-01 2.000000000000000000e+00
-2.000000000000000000e+00 2.687500000000000000e+00 2.000000000000000000e+00
-1.343750000000000000e+00 2.847676964563361501e+00 0.000000000000000000e+00
4.790712199417882289e+00 -1.594686429669307293e+00 0.000000000000000000e+00
5.218750000000000000e+00 -1.882305074557639291e+00 0.000000000000000000e+00
6.495826407763259702e+00 -1.859487805395200644e+00 0.000000000000000000e+00
6.093750000000000000e+00 -1.964603339847023067e+00 0.000000000000000000e+00
6.533955093633127653e+00 -1.630968033618618529e+00 0.000000000000000000e+00
-4.687500000000000000e-01 -1.926844866217558350e+00 0.000000000000000000e+00
-1.617989541062756498e+00 9.737231700620793129e-01 0.000000000000000000e+00
-1.768826402405916154e+00 7.979345907041114350e-01 0.000000000000000000e+00
1.134375000000000000e+01 -1.872378755491187263e+00 0.000000000000000000e+00
-1.782597274720064684e+00 2.218750000000000000e+00 0.000000000000000000e+00
-1.515431342771838441e+00 2.415560710010274281e+00 0.000000000000000000e+00
-1.684052318827770067e+00 1.514200652339361852e+00 0.000000000000000000e+00
3.454491645367375074e+00 2.852494031112388306e+00 0.000000000000000000e+00
3.455031940687500747e+00 2.622458321002557824e+00 0.000000000000000000e+00
1.003125000000000000e+01 -1.918912796721007563e+00 0.000000000000000000e+00
1.010080904119245915e+01 -1.711610416941083290e+00 0.000000000000000000e+00
8.814610614960281865e+00 -1.427770566030998056e+00 0.000000000000000000e+00
9.259778013298140209e+00 2.731353712581061188e+00 0.000000000000000000e+00
9.156250000000000000e+00 2.934789132732736672e+00 0.000000000000000000e+00
